
=====1 GB array, cold cache miss, read 256 element====
Stride = 1 element, 4 bytes
1	 797
2	 249
3	 248
4	 249
5	 249
6	 249
7	 249
8	 249
9	 377
10	 249
11	 249
12	 249
13	 248
14	 249
15	 249
16	 249
17	 375
18	 249
19	 249
20	 249
21	 249
22	 249
23	 248
24	 249
25	 374
26	 249
27	 249
28	 249
29	 249
30	 249
31	 249
32	 249
33	 375
34	 249
35	 250
36	 249
37	 249
38	 249
39	 249
40	 249
41	 376
42	 249
43	 250
44	 249
45	 248
46	 249
47	 249
48	 249
49	 374
50	 248
51	 249
52	 249
53	 249
54	 249
55	 249
56	 249
57	 376
58	 250
59	 249
60	 249
61	 249
62	 249
63	 249
64	 249
65	 377
66	 251
67	 251
68	 252
69	 252
70	 252
71	 252
72	 252
73	 377
74	 253
75	 251
76	 252
77	 251
78	 251
79	 251
80	 251
81	 399
82	 252
83	 251
84	 252
85	 251
86	 252
87	 251
88	 251
89	 376
90	 251
91	 251
92	 251
93	 251
94	 251
95	 251
96	 251
97	 377
98	 251
99	 251
100	 251
101	 251
102	 251
103	 251
104	 251
105	 377
106	 252
107	 252
108	 251
109	 251
110	 252
111	 252
112	 251
113	 377
114	 251
115	 251
116	 253
117	 251
118	 251
119	 251
120	 251
121	 375
122	 251
123	 251
124	 251
125	 251
126	 252
127	 251
128	 251
129	 374
130	 249
131	 249
132	 249
133	 249
134	 249
135	 249
136	 249
137	 376
138	 250
139	 249
140	 248
141	 249
142	 249
143	 249
144	 249
145	 377
146	 249
147	 249
148	 249
149	 249
150	 248
151	 249
152	 249
153	 374
154	 249
155	 249
156	 249
157	 249
158	 249
159	 248
160	 250
161	 374
162	 249
163	 249
164	 247
165	 250
166	 249
167	 249
168	 248
169	 377
170	 249
171	 249
172	 249
173	 249
174	 249
175	 249
176	 249
177	 374
178	 249
179	 249
180	 249
181	 249
182	 249
183	 249
184	 250
185	 375
186	 249
187	 249
188	 249
189	 249
190	 249
191	 249
192	 249
193	 376
194	 252
195	 252
196	 252
197	 252
198	 251
199	 251
200	 251
201	 376
202	 251
203	 251
204	 251
205	 251
206	 251
207	 251
208	 251
209	 377
210	 251
211	 251
212	 251
213	 251
214	 251
215	 251
216	 251
217	 377
218	 252
219	 252
220	 252
221	 252
222	 251
223	 251
224	 251
225	 376
226	 251
227	 252
228	 251
229	 252
230	 251
231	 251
232	 251
233	 376
234	 251
235	 251
236	 251
237	 251
238	 251
239	 251
240	 251
241	 376
242	 251
243	 253
244	 251
245	 251
246	 251
247	 251
248	 251
249	 453
250	 251
251	 252
252	 253
253	 251
254	 251
255	 251
256	 252
===============================================


=====1 GB array, cold cache miss, read 256 element====
Stride = 2 element, 8 bytes
2	 813
4	 250
6	 249
8	 249
10	 383
12	 249
14	 249
16	 249
18	 381
20	 249
22	 249
24	 248
26	 382
28	 249
30	 249
32	 250
34	 382
36	 249
38	 249
40	 249
42	 384
44	 249
46	 249
48	 248
50	 382
52	 249
54	 249
56	 249
58	 383
60	 249
62	 249
64	 249
66	 383
68	 251
70	 251
72	 251
74	 386
76	 251
78	 251
80	 251
82	 385
84	 251
86	 251
88	 251
90	 383
92	 251
94	 251
96	 251
98	 383
100	 251
102	 252
104	 252
106	 411
108	 252
110	 251
112	 253
114	 385
116	 251
118	 253
120	 251
122	 384
124	 252
126	 251
128	 251
130	 384
132	 249
134	 250
136	 249
138	 385
140	 249
142	 249
144	 249
146	 383
148	 248
150	 250
152	 249
154	 383
156	 249
158	 249
160	 250
162	 382
164	 250
166	 249
168	 249
170	 382
172	 249
174	 249
176	 249
178	 384
180	 249
182	 249
184	 249
186	 383
188	 249
190	 249
192	 249
194	 385
196	 251
198	 252
200	 251
202	 385
204	 251
206	 251
208	 251
210	 382
212	 251
214	 251
216	 251
218	 384
220	 251
222	 251
224	 251
226	 430
228	 251
230	 252
232	 251
234	 385
236	 251
238	 251
240	 251
242	 384
244	 251
246	 251
248	 252
250	 384
252	 251
254	 251
256	 251
258	 385
260	 252
262	 253
264	 253
266	 385
268	 252
270	 253
272	 252
274	 383
276	 253
278	 253
280	 252
282	 383
284	 253
286	 252
288	 252
290	 384
292	 252
294	 252
296	 253
298	 385
300	 253
302	 253
304	 252
306	 383
308	 252
310	 253
312	 252
314	 385
316	 253
318	 252
320	 252
322	 387
324	 255
326	 254
328	 255
330	 502
332	 254
334	 255
336	 255
338	 384
340	 254
342	 255
344	 255
346	 386
348	 255
350	 255
352	 254
354	 386
356	 256
358	 255
360	 256
362	 388
364	 254
366	 255
368	 254
370	 385
372	 255
374	 255
376	 255
378	 386
380	 255
382	 254
384	 255
386	 385
388	 252
390	 252
392	 252
394	 384
396	 253
398	 252
400	 252
402	 384
404	 252
406	 252
408	 252
410	 383
412	 253
414	 253
416	 253
418	 384
420	 253
422	 252
424	 253
426	 385
428	 253
430	 253
432	 252
434	 433
436	 254
438	 252
440	 252
442	 384
444	 252
446	 253
448	 253
450	 387
452	 254
454	 255
456	 255
458	 386
460	 254
462	 255
464	 256
466	 386
468	 255
470	 254
472	 255
474	 385
476	 254
478	 255
480	 255
482	 387
484	 255
486	 255
488	 255
490	 388
492	 256
494	 255
496	 254
498	 386
500	 254
502	 254
504	 255
506	 385
508	 255
510	 254
512	 255
===============================================


=====1 GB array, cold cache miss, read 256 element====
Stride = 4 element, 16 bytes
4	 813
8	 249
12	 383
16	 249
20	 383
24	 249
28	 383
32	 249
36	 384
40	 250
44	 383
48	 249
52	 384
56	 249
60	 384
64	 249
68	 385
72	 252
76	 384
80	 251
84	 385
88	 252
92	 384
96	 251
100	 492
104	 252
108	 384
112	 251
116	 384
120	 252
124	 384
128	 251
132	 384
136	 249
140	 383
144	 250
148	 383
152	 249
156	 383
160	 249
164	 383
168	 249
172	 383
176	 248
180	 508
184	 249
188	 385
192	 250
196	 384
200	 252
204	 385
208	 251
212	 386
216	 251
220	 385
224	 251
228	 385
232	 251
236	 385
240	 251
244	 384
248	 252
252	 385
256	 251
260	 463
264	 252
268	 382
272	 253
276	 385
280	 252
284	 384
288	 252
292	 385
296	 252
300	 384
304	 252
308	 385
312	 252
316	 383
320	 253
324	 387
328	 254
332	 387
336	 255
340	 471
344	 254
348	 388
352	 256
356	 387
360	 254
364	 386
368	 254
372	 387
376	 255
380	 388
384	 255
388	 385
392	 252
396	 383
400	 252
404	 386
408	 252
412	 384
416	 252
420	 465
424	 253
428	 383
432	 254
436	 385
440	 252
444	 384
448	 253
452	 386
456	 254
460	 386
464	 254
468	 386
472	 254
476	 386
480	 255
484	 389
488	 255
492	 385
496	 255
500	 437
504	 255
508	 388
512	 254
516	 404
520	 249
524	 401
528	 249
532	 402
536	 249
540	 401
544	 249
548	 402
552	 249
556	 402
560	 249
564	 401
568	 249
572	 400
576	 249
580	 403
584	 251
588	 403
592	 252
596	 403
600	 251
604	 403
608	 251
612	 404
616	 251
620	 403
624	 251
628	 402
632	 251
636	 404
640	 251
644	 402
648	 249
652	 401
656	 250
660	 402
664	 248
668	 401
672	 249
676	 402
680	 249
684	 497
688	 248
692	 403
696	 249
700	 403
704	 249
708	 402
712	 252
716	 402
720	 251
724	 403
728	 251
732	 404
736	 251
740	 402
744	 251
748	 403
752	 251
756	 404
760	 251
764	 402
768	 251
772	 401
776	 252
780	 399
784	 252
788	 519
792	 252
796	 399
800	 252
804	 401
808	 253
812	 398
816	 253
820	 399
824	 252
828	 399
832	 252
836	 402
840	 255
844	 401
848	 255
852	 401
856	 254
860	 401
864	 255
868	 403
872	 255
876	 401
880	 255
884	 401
888	 256
892	 401
896	 255
900	 400
904	 252
908	 399
912	 252
916	 399
920	 252
924	 398
928	 252
932	 399
936	 252
940	 401
944	 252
948	 399
952	 252
956	 399
960	 253
964	 402
968	 254
972	 442
976	 255
980	 400
984	 254
988	 402
992	 256
996	 400
1000	 255
1004	 402
1008	 255
1012	 402
1016	 255
1020	 400
1024	 254
===============================================


=====1 GB array, cold cache miss, read 256 element====
Stride = 8 element, 32 bytes
8	 811
16	 382
24	 383
32	 385
40	 383
48	 383
56	 385
64	 384
72	 385
80	 423
88	 385
96	 386
104	 384
112	 385
120	 385
128	 384
136	 383
144	 383
152	 384
160	 383
168	 514
176	 383
184	 385
192	 385
200	 384
208	 384
216	 384
224	 383
232	 393
240	 386
248	 384
256	 503
264	 386
272	 385
280	 384
288	 385
296	 383
304	 385
312	 384
320	 384
328	 387
336	 387
344	 495
352	 386
360	 385
368	 385
376	 387
384	 387
392	 383
400	 383
408	 382
416	 384
424	 385
432	 496
440	 384
448	 385
456	 385
464	 384
472	 386
480	 387
488	 386
496	 386
504	 386
512	 387
520	 507
528	 403
536	 403
544	 402
552	 403
560	 403
568	 404
576	 402
584	 404
592	 403
600	 405
608	 405
616	 403
624	 405
632	 404
640	 404
648	 489
656	 403
664	 403
672	 403
680	 403
688	 402
696	 403
704	 402
712	 404
720	 404
728	 405
736	 404
744	 405
752	 404
760	 404
768	 404
776	 484
784	 399
792	 400
800	 401
808	 400
816	 399
824	 400
832	 399
840	 402
848	 401
856	 401
864	 401
872	 402
880	 403
888	 402
896	 402
904	 400
912	 399
920	 400
928	 401
936	 398
944	 399
952	 400
960	 399
968	 402
976	 401
984	 402
992	 496
1000	 401
1008	 403
1016	 403
1024	 402
1032	 389
1040	 388
1048	 387
1056	 388
1064	 387
1072	 388
1080	 440
1088	 387
1096	 388
1104	 387
1112	 390
1120	 389
1128	 389
1136	 389
1144	 388
1152	 389
1160	 388
1168	 461
1176	 388
1184	 387
1192	 387
1200	 387
1208	 386
1216	 390
1224	 389
1232	 390
1240	 389
1248	 389
1256	 491
1264	 389
1272	 389
1280	 390
1288	 387
1296	 387
1304	 386
1312	 384
1320	 386
1328	 384
1336	 387
1344	 471
1352	 388
1360	 389
1368	 389
1376	 387
1384	 388
1392	 388
1400	 387
1408	 389
1416	 384
1424	 384
1432	 472
1440	 384
1448	 386
1456	 385
1464	 387
1472	 386
1480	 388
1488	 389
1496	 388
1504	 386
1512	 387
1520	 505
1528	 388
1536	 387
1544	 386
1552	 384
1560	 384
1568	 384
1576	 383
1584	 384
1592	 382
1600	 382
1608	 497
1616	 385
1624	 385
1632	 384
1640	 384
1648	 385
1656	 385
1664	 384
1672	 385
1680	 385
1688	 385
1696	 496
1704	 383
1712	 384
1720	 384
1728	 383
1736	 386
1744	 385
1752	 385
1760	 386
1768	 384
1776	 383
1784	 383
1792	 385
1800	 393
1808	 390
1816	 392
1824	 393
1832	 392
1840	 392
1848	 391
1856	 392
1864	 394
1872	 394
1880	 395
1888	 395
1896	 393
1904	 395
1912	 394
1920	 394
1928	 392
1936	 391
1944	 393
1952	 392
1960	 392
1968	 391
1976	 392
1984	 391
1992	 395
2000	 395
2008	 419
2016	 395
2024	 396
2032	 395
2040	 394
2048	 394
===============================================


=====1 GB array, cold cache miss, read 256 element====
Stride = 16 element, 64 bytes
16	 813
32	 383
48	 383
64	 384
80	 384
96	 384
112	 383
128	 384
144	 381
160	 426
176	 381
192	 382
208	 383
224	 382
240	 382
256	 383
272	 387
288	 383
304	 383
320	 383
336	 385
352	 388
368	 388
384	 388
400	 384
416	 386
432	 383
448	 385
464	 386
480	 388
496	 387
512	 386
528	 403
544	 401
560	 402
576	 403
592	 403
608	 402
624	 402
640	 403
656	 403
672	 403
688	 403
704	 402
720	 403
736	 404
752	 404
768	 403
784	 400
800	 399
816	 401
832	 399
848	 402
864	 513
880	 401
896	 402
912	 400
928	 400
944	 399
960	 400
976	 402
992	 402
1008	 402
1024	 402
1040	 390
1056	 390
1072	 390
1088	 389
1104	 388
1120	 389
1136	 389
1152	 389
1168	 390
1184	 389
1200	 386
1216	 442
1232	 390
1248	 390
1264	 390
1280	 388
1296	 388
1312	 385
1328	 385
1344	 384
1360	 388
1376	 390
1392	 458
1408	 388
1424	 385
1440	 386
1456	 386
1472	 386
1488	 387
1504	 387
1520	 386
1536	 388
1552	 385
1568	 472
1584	 383
1600	 383
1616	 384
1632	 385
1648	 384
1664	 384
1680	 382
1696	 384
1712	 383
1728	 383
1744	 386
1760	 384
1776	 384
1792	 384
1808	 392
1824	 392
1840	 390
1856	 391
1872	 392
1888	 393
1904	 394
1920	 393
1936	 391
1952	 389
1968	 391
1984	 390
2000	 392
2016	 441
2032	 394
2048	 392
2064	 410
2080	 408
2096	 409
2112	 406
2128	 409
2144	 410
2160	 410
2176	 411
2192	 407
2208	 408
2224	 408
2240	 408
2256	 409
2272	 530
2288	 410
2304	 411
2320	 403
2336	 401
2352	 399
2368	 401
2384	 401
2400	 401
2416	 402
2432	 403
2448	 402
2464	 400
2480	 402
2496	 400
2512	 404
2528	 489
2544	 402
2560	 402
2576	 390
2592	 388
2608	 389
2624	 389
2640	 391
2656	 392
2672	 391
2688	 390
2704	 387
2720	 388
2736	 389
2752	 389
2768	 391
2784	 391
2800	 388
2816	 391
2832	 387
2848	 386
2864	 386
2880	 427
2896	 387
2912	 388
2928	 387
2944	 388
2960	 386
2976	 386
2992	 385
3008	 385
3024	 388
3040	 388
3056	 500
3072	 386
3088	 386
3104	 384
3120	 384
3136	 384
3152	 385
3168	 388
3184	 387
3200	 385
3216	 383
3232	 398
3248	 384
3264	 385
3280	 386
3296	 388
3312	 384
3328	 386
3344	 384
3360	 383
3376	 382
3392	 383
3408	 510
3424	 386
3440	 383
3456	 385
3472	 382
3488	 383
3504	 381
3520	 382
3536	 384
3552	 386
3568	 383
3584	 385
3600	 398
3616	 399
3632	 400
3648	 400
3664	 402
3680	 402
3696	 401
3712	 403
3728	 400
3744	 400
3760	 499
3776	 400
3792	 401
3808	 403
3824	 400
3840	 402
3856	 404
3872	 403
3888	 403
3904	 404
3920	 402
3936	 403
3952	 404
3968	 404
3984	 402
4000	 403
4016	 485
4032	 403
4048	 403
4064	 405
4080	 404
4096	 403
===============================================


=====1 GB array, cold cache miss, read 256 element====
Stride = 32 element, 128 bytes
32	 769
64	 361
96	 364
128	 457
160	 364
192	 364
224	 365
256	 366
288	 365
320	 364
352	 366
384	 366
416	 365
448	 363
480	 365
512	 368
544	 380
576	 379
608	 379
640	 380
672	 379
704	 379
736	 415
768	 379
800	 377
832	 375
864	 377
896	 378
928	 377
960	 376
992	 379
1024	 379
1056	 368
1088	 366
1120	 366
1152	 366
1184	 364
1216	 366
1248	 367
1280	 366
1312	 366
1344	 413
1376	 365
1408	 365
1440	 364
1472	 363
1504	 366
1536	 364
1568	 365
1600	 374
1632	 366
1664	 368
1696	 363
1728	 367
1760	 365
1792	 365
1824	 371
1856	 372
1888	 372
1920	 373
1952	 368
1984	 371
2016	 374
2048	 373
2080	 384
2112	 445
2144	 385
2176	 385
2208	 382
2240	 385
2272	 386
2304	 386
2336	 377
2368	 379
2400	 377
2432	 380
2464	 377
2496	 378
2528	 377
2560	 386
2592	 366
2624	 367
2656	 370
2688	 370
2720	 368
2752	 367
2784	 370
2816	 371
2848	 366
2880	 365
2912	 366
2944	 366
2976	 365
3008	 366
3040	 367
3072	 367
3104	 365
3136	 364
3168	 378
3200	 367
3232	 363
3264	 363
3296	 366
3328	 365
3360	 362
3392	 364
3424	 364
3456	 364
3488	 364
3520	 364
3552	 363
3584	 364
3616	 376
3648	 377
3680	 377
3712	 379
3744	 377
3776	 445
3808	 378
3840	 377
3872	 380
3904	 379
3936	 379
3968	 380
4000	 379
4032	 380
4064	 380
4096	 379
4128	 364
4160	 364
4192	 363
4224	 362
4256	 365
4288	 367
4320	 365
4352	 364
4384	 422
4416	 365
4448	 363
4480	 364
4512	 366
4544	 368
4576	 364
4608	 365
4640	 379
4672	 380
4704	 379
4736	 378
4768	 378
4800	 381
4832	 471
4864	 378
4896	 379
4928	 378
4960	 377
4992	 375
5024	 378
5056	 379
5088	 377
5120	 375
5152	 368
5184	 366
5216	 367
5248	 367
5280	 367
5312	 367
5344	 367
5376	 367
5408	 368
5440	 418
5472	 365
5504	 366
5536	 368
5568	 367
5600	 365
5632	 364
5664	 364
5696	 363
5728	 362
5760	 363
5792	 366
5824	 366
5856	 363
5888	 365
5920	 373
5952	 373
5984	 369
6016	 368
6048	 372
6080	 372
6112	 370
6144	 370
6176	 385
6208	 473
6240	 382
6272	 382
6304	 386
6336	 387
6368	 383
6400	 383
6432	 379
6464	 378
6496	 376
6528	 376
6560	 378
6592	 378
6624	 377
6656	 391
6688	 371
6720	 372
6752	 368
6784	 366
6816	 368
6848	 368
6880	 367
6912	 365
6944	 365
6976	 367
7008	 365
7040	 363
7072	 365
7104	 366
7136	 364
7168	 364
7200	 365
7232	 366
7264	 378
7296	 364
7328	 366
7360	 365
7392	 364
7424	 364
7456	 363
7488	 364
7520	 363
7552	 363
7584	 363
7616	 362
7648	 361
7680	 364
7712	 379
7744	 377
7776	 376
7808	 374
7840	 379
7872	 445
7904	 376
7936	 375
7968	 379
8000	 377
8032	 379
8064	 377
8096	 379
8128	 377
8160	 378
8192	 377
===============================================


=====1 GB array, cold cache miss, read 256 element====
Stride = 64 element, 256 bytes
64	 816
128	 383
192	 382
256	 384
320	 384
384	 387
448	 502
512	 385
576	 403
640	 404
704	 401
768	 402
832	 399
896	 402
960	 400
1024	 402
1088	 388
1152	 387
1216	 389
1280	 391
1344	 385
1408	 387
1472	 384
1536	 387
1600	 383
1664	 384
1728	 383
1792	 384
1856	 435
1920	 393
1984	 388
2048	 393
2112	 408
2176	 409
2240	 407
2304	 409
2368	 399
2432	 400
2496	 399
2560	 400
2624	 388
2688	 391
2752	 388
2816	 390
2880	 385
2944	 384
3008	 384
3072	 387
3136	 384
3200	 385
3264	 384
3328	 386
3392	 384
3456	 384
3520	 383
3584	 499
3648	 398
3712	 401
3776	 400
3840	 403
3904	 403
3968	 403
4032	 402
4096	 402
4160	 385
4224	 382
4288	 384
4352	 384
4416	 386
4480	 384
4544	 386
4608	 385
4672	 404
4736	 403
4800	 403
4864	 402
4928	 401
4992	 398
5056	 403
5120	 401
5184	 389
5248	 388
5312	 510
5376	 388
5440	 388
5504	 385
5568	 389
5632	 385
5696	 385
5760	 384
5824	 385
5888	 384
5952	 394
6016	 449
6080	 392
6144	 391
6208	 410
6272	 408
6336	 409
6400	 408
6464	 403
6528	 400
6592	 399
6656	 398
6720	 390
6784	 388
6848	 391
6912	 388
6976	 388
7040	 386
7104	 386
7168	 385
7232	 386
7296	 383
7360	 385
7424	 382
7488	 384
7552	 385
7616	 385
7680	 383
7744	 514
7808	 399
7872	 403
7936	 399
8000	 402
8064	 401
8128	 403
8192	 402
8256	 388
8320	 389
8384	 388
8448	 389
8512	 385
8576	 387
8640	 386
8704	 388
8768	 383
8832	 384
8896	 384
8960	 386
9024	 392
9088	 394
9152	 412
9216	 393
9280	 400
9344	 401
9408	 399
9472	 402
9536	 407
9600	 409
9664	 408
9728	 411
9792	 385
9856	 386
9920	 386
9984	 386
10048	 388
10112	 390
10176	 389
10240	 391
10304	 383
10368	 386
10432	 382
10496	 385
10560	 384
10624	 385
10688	 396
10752	 385
10816	 400
10880	 496
10944	 400
11008	 401
11072	 402
11136	 403
11200	 402
11264	 404
11328	 386
11392	 389
11456	 386
11520	 388
11584	 387
11648	 389
11712	 387
11776	 388
11840	 391
11904	 393
11968	 392
12032	 394
12096	 383
12160	 383
12224	 383
12288	 405
12352	 389
12416	 387
12480	 388
12544	 387
12608	 388
12672	 386
12736	 388
12800	 385
12864	 384
12928	 383
12992	 427
13056	 383
13120	 394
13184	 389
13248	 392
13312	 391
13376	 400
13440	 399
13504	 400
13568	 398
13632	 410
13696	 446
13760	 410
13824	 408
13888	 386
13952	 385
14016	 386
14080	 385
14144	 391
14208	 388
14272	 390
14336	 389
14400	 386
14464	 382
14528	 386
14592	 384
14656	 383
14720	 463
14784	 384
14848	 384
14912	 403
14976	 399
15040	 400
15104	 398
15168	 403
15232	 403
15296	 404
15360	 402
15424	 386
15488	 384
15552	 388
15616	 385
15680	 390
15744	 389
15808	 390
15872	 389
15936	 392
16000	 390
16064	 394
16128	 397
16192	 386
16256	 383
16320	 385
16384	 383
===============================================


=====1 GB array, cold cache miss, read 256 element====
Stride = 128 element, 512 bytes
128	 809
256	 384
384	 383
512	 485
640	 402
768	 400
896	 399
1024	 397
1152	 388
1280	 385
1408	 385
1536	 385
1664	 383
1792	 384
1920	 412
2048	 392
2176	 408
2304	 406
2432	 400
2560	 399
2688	 388
2816	 388
2944	 384
3072	 384
3200	 384
3328	 381
3456	 382
3584	 382
3712	 397
3840	 398
3968	 400
4096	 400
4224	 383
4352	 383
4480	 385
4608	 385
4736	 399
4864	 399
4992	 399
5120	 400
5248	 389
5376	 386
5504	 385
5632	 384
5760	 385
5888	 382
6016	 393
6144	 391
6272	 406
6400	 408
6528	 401
6656	 400
6784	 388
6912	 389
7040	 385
7168	 385
7296	 385
7424	 384
7552	 383
7680	 382
7808	 400
7936	 400
8064	 402
8192	 485
8320	 386
8448	 385
8576	 383
8704	 383
8832	 383
8960	 381
9088	 391
9216	 390
9344	 400
9472	 401
9600	 405
9728	 405
9856	 383
9984	 384
10112	 389
10240	 388
10368	 384
10496	 384
10624	 382
10752	 383
10880	 400
11008	 398
11136	 400
11264	 401
11392	 384
11520	 383
11648	 386
11776	 387
11904	 391
12032	 393
12160	 384
12288	 383
12416	 469
12544	 388
12672	 387
12800	 386
12928	 386
13056	 384
13184	 394
13312	 392
13440	 401
13568	 401
13696	 408
13824	 447
13952	 385
14080	 386
14208	 390
14336	 391
14464	 481
14592	 387
14720	 383
14848	 384
14976	 400
15104	 400
15232	 401
15360	 402
15488	 386
15616	 387
15744	 387
15872	 439
16000	 392
16128	 393
16256	 384
16384	 387
16512	 385
16640	 383
16768	 387
16896	 388
17024	 400
17152	 452
17280	 406
17408	 408
17536	 401
17664	 401
17792	 399
17920	 401
18048	 382
18176	 383
18304	 384
18432	 384
18560	 391
18688	 390
18816	 385
18944	 384
19072	 385
19200	 384
19328	 387
19456	 388
19584	 390
19712	 389
19840	 385
19968	 385
20096	 406
20224	 408
20352	 400
20480	 400
20608	 388
20736	 478
20864	 390
20992	 391
21120	 401
21248	 401
21376	 409
21504	 408
21632	 403
21760	 402
21888	 401
22016	 400
22144	 384
22272	 384
22400	 387
22528	 386
22656	 393
22784	 483
22912	 385
23040	 425
23168	 387
23296	 385
23424	 388
23552	 388
23680	 392
23808	 391
23936	 385
24064	 384
24192	 486
24320	 409
24448	 399
24576	 398
24704	 399
24832	 399
24960	 399
25088	 400
25216	 384
25344	 383
25472	 385
25600	 383
25728	 383
25856	 383
25984	 391
26112	 392
26240	 493
26368	 387
26496	 383
26624	 384
26752	 388
26880	 388
27008	 382
27136	 383
27264	 406
27392	 407
27520	 398
27648	 428
27776	 398
27904	 399
28032	 403
28160	 401
28288	 460
28416	 384
28544	 383
28672	 382
28800	 402
28928	 401
29056	 401
29184	 400
29312	 384
29440	 385
29568	 385
29696	 384
29824	 386
29952	 386
30080	 395
30208	 393
30336	 390
30464	 389
30592	 387
30720	 386
30848	 390
30976	 391
31104	 437
31232	 385
31360	 412
31488	 409
31616	 399
31744	 401
31872	 401
32000	 399
32128	 402
32256	 404
32384	 388
32512	 386
32640	 383
32768	 383
===============================================


=====1 GB array, cold cache miss, read 256 element====
Stride = 256 element, 1024 bytes
256	 808
512	 383
768	 402
1024	 399
1280	 387
1536	 382
1792	 383
2048	 465
2304	 408
2560	 401
2816	 389
3072	 386
3328	 384
3584	 381
3840	 397
4096	 398
4352	 382
4608	 386
4864	 402
5120	 402
5376	 387
5632	 387
5888	 384
6144	 392
6400	 408
6656	 400
6912	 390
7168	 387
7424	 386
7680	 382
7936	 401
8192	 404
8448	 386
8704	 383
8960	 382
9216	 389
9472	 399
9728	 407
9984	 385
10240	 388
10496	 383
10752	 382
11008	 398
11264	 402
11520	 384
11776	 388
12032	 391
12288	 384
12544	 389
12800	 387
13056	 384
13312	 393
13568	 402
13824	 409
14080	 387
14336	 392
14592	 385
14848	 383
15104	 400
15360	 402
15616	 387
15872	 387
16128	 390
16384	 382
16640	 385
16896	 446
17152	 400
17408	 406
17664	 401
17920	 399
18176	 382
18432	 384
18688	 390
18944	 383
19200	 384
19456	 388
19712	 389
19968	 384
20224	 407
20480	 398
20736	 387
20992	 390
21248	 400
21504	 408
21760	 401
22016	 399
22272	 383
22528	 385
22784	 393
23040	 408
23296	 386
23552	 386
23808	 390
24064	 387
24320	 410
24576	 401
24832	 402
25088	 399
25344	 382
25600	 384
25856	 382
26112	 389
26368	 386
26624	 382
26880	 388
27136	 385
27392	 404
27648	 398
27904	 399
28160	 401
28416	 382
28672	 381
28928	 401
29184	 402
29440	 387
29696	 386
29952	 385
30208	 393
30464	 390
30720	 387
30976	 390
31232	 387
31488	 479
31744	 401
32000	 400
32256	 403
32512	 387
32768	 465
33024	 398
33280	 384
33536	 384
33792	 390
34048	 400
34304	 407
34560	 386
34816	 388
35072	 384
35328	 384
35584	 399
35840	 400
36096	 384
36352	 387
36608	 390
36864	 384
37120	 387
37376	 386
37632	 385
37888	 392
38144	 400
38400	 469
38656	 385
38912	 390
39168	 384
39424	 385
39680	 476
39936	 401
40192	 386
40448	 389
40704	 392
40960	 384
41216	 399
41472	 406
41728	 385
41984	 389
42240	 384
42496	 397
42752	 403
43008	 399
43264	 384
43520	 386
43776	 388
44032	 382
44288	 407
44544	 401
44800	 388
45056	 385
45312	 480
45568	 408
45824	 386
46080	 390
46336	 384
46592	 479
46848	 402
47104	 401
47360	 386
47616	 390
47872	 407
48128	 383
48384	 407
48640	 401
48896	 392
49152	 387
49408	 401
49664	 398
49920	 382
50176	 385
50432	 384
50688	 390
50944	 387
51200	 384
51456	 389
51712	 385
51968	 407
52224	 444
52480	 398
52736	 403
52992	 385
53248	 382
53504	 437
53760	 400
54016	 384
54272	 386
54528	 384
54784	 393
55040	 389
55296	 387
55552	 392
55808	 386
56064	 407
56320	 402
56576	 401
56832	 402
57088	 387
57344	 385
57600	 384
57856	 390
58112	 385
58368	 382
58624	 384
58880	 388
59136	 399
59392	 406
59648	 399
59904	 401
60160	 384
60416	 384
60672	 391
60928	 383
61184	 384
61440	 388
61696	 385
61952	 425
62208	 386
62464	 387
62720	 386
62976	 393
63232	 402
63488	 409
63744	 402
64000	 402
64256	 385
64512	 385
64768	 391
65024	 386
65280	 387
65536	 389
===============================================


=====1 GB array, cold cache miss, read 256 element====
Stride = 512 element, 2048 bytes
512	 812
1024	 401
1536	 386
2048	 382
2560	 408
3072	 388
3584	 385
4096	 414
4608	 383
5120	 401
5632	 390
6144	 384
6656	 409
7168	 386
7680	 386
8192	 401
8704	 387
9216	 384
9728	 504
10240	 387
10752	 385
11264	 398
11776	 384
12288	 514
12800	 389
13312	 386
13824	 402
14336	 386
14848	 385
15360	 401
15872	 386
16384	 393
16896	 383
17408	 401
17920	 403
18432	 383
18944	 390
19456	 386
19968	 387
20480	 407
20992	 386
21504	 400
22016	 401
22528	 385
23040	 394
23552	 418
24064	 389
24576	 409
25088	 403
25600	 383
26112	 492
26624	 388
27136	 388
27648	 407
28160	 398
28672	 382
29184	 403
29696	 383
30208	 384
30720	 389
31232	 389
31744	 508
32256	 401
32768	 386
33280	 399
33792	 384
34304	 400
34816	 385
35328	 383
35840	 398
36352	 385
36864	 392
37376	 390
37888	 382
38400	 400
38912	 388
39424	 384
39936	 453
40448	 388
40960	 392
41472	 401
41984	 386
42496	 384
43008	 400
43520	 384
44032	 393
44544	 409
45056	 387
45568	 497
46080	 386
46592	 382
47104	 401
47616	 386
48128	 511
48640	 409
49152	 389
49664	 403
50176	 382
50688	 383
51200	 387
51712	 386
52224	 409
52736	 397
53248	 383
53760	 401
54272	 384
54784	 384
55296	 392
55808	 390
56320	 411
56832	 399
57344	 385
57856	 383
58368	 388
58880	 385
59392	 446
59904	 398
60416	 383
60928	 389
61440	 386
61952	 505
62464	 388
62976	 385
63488	 401
64000	 409
64512	 387
65024	 393
65536	 386
66048	 394
66560	 402
67072	 401
67584	 404
68096	 409
68608	 390
69120	 387
69632	 393
70144	 422
70656	 400
71168	 400
71680	 385
72192	 407
72704	 388
73216	 385
73728	 391
74240	 388
74752	 384
75264	 382
75776	 456
76288	 386
76800	 402
77312	 410
77824	 390
78336	 387
78848	 396
79360	 382
79872	 403
80384	 381
80896	 399
81408	 513
81920	 387
82432	 385
82944	 401
83456	 383
83968	 388
84480	 391
84992	 388
85504	 401
86016	 385
86528	 385
87040	 402
87552	 384
88064	 389
88576	 390
89088	 385
89600	 471
90112	 382
90624	 403
91136	 385
91648	 386
92160	 401
92672	 389
93184	 410
93696	 392
94208	 386
94720	 400
95232	 381
95744	 383
96256	 400
96768	 387
97280	 407
97792	 390
98304	 384
98816	 401
99328	 386
99840	 384
100352	 403
100864	 385
101376	 400
101888	 410
102400	 390
102912	 389
103424	 383
103936	 381
104448	 402
104960	 381
105472	 399
105984	 406
106496	 398
107008	 400
107520	 386
108032	 390
108544	 384
109056	 387
109568	 393
110080	 383
110592	 400
111104	 401
111616	 385
112128	 386
112640	 383
113152	 385
113664	 391
114176	 384
114688	 399
115200	 399
115712	 383
116224	 386
116736	 400
117248	 389
117760	 457
118272	 392
118784	 385
119296	 400
119808	 382
120320	 385
120832	 400
121344	 389
121856	 409
122368	 391
122880	 383
123392	 384
123904	 390
124416	 402
124928	 384
125440	 401
125952	 452
126464	 391
126976	 409
127488	 384
128000	 387
128512	 403
129024	 383
129536	 399
130048	 384
130560	 388
131072	 408
===============================================


=====1 GB array, cold cache miss, read 256 element====
Stride = 1024 element, 4096 bytes
1024	 806
2048	 507
3072	 407
4096	 385
5120	 383
6144	 388
7168	 409
8192	 388
9216	 389
10240	 397
11264	 384
12288	 384
13312	 409
14336	 400
15360	 386
16384	 385
17408	 385
18432	 402
19456	 391
20480	 386
21504	 385
22528	 403
23552	 392
24576	 396
25600	 401
26624	 382
27648	 388
28672	 398
29696	 519
30720	 382
31744	 389
32768	 401
33792	 398
34816	 399
35840	 384
36864	 384
37888	 390
38912	 402
39936	 386
40960	 392
41984	 399
43008	 381
44032	 384
45056	 406
46080	 401
47104	 383
48128	 388
49152	 410
50176	 401
51200	 383
52224	 395
53248	 398
54272	 404
55296	 384
56320	 391
57344	 511
58368	 384
59392	 384
60416	 398
61440	 390
62464	 385
63488	 387
64512	 398
65536	 394
66560	 393
67584	 400
68608	 466
69632	 386
70656	 381
71680	 399
72704	 409
73728	 384
74752	 388
75776	 383
76800	 387
77824	 412
78848	 385
79872	 379
80896	 383
81920	 406
82944	 386
83968	 385
84992	 392
86016	 399
87040	 385
88064	 382
89088	 391
90112	 402
91136	 401
92160	 385
93184	 391
94208	 393
95232	 401
96256	 385
97280	 388
98304	 392
99328	 397
100352	 381
101376	 384
102400	 410
103424	 387
104448	 382
105472	 385
106496	 408
107520	 403
108544	 388
109568	 384
110592	 386
111616	 401
112640	 387
113664	 385
114688	 384
115712	 402
116736	 388
117760	 391
118784	 481
119808	 401
120832	 386
121856	 390
122880	 392
123904	 385
124928	 402
125952	 402
126976	 392
128000	 382
129024	 400
130048	 397
131072	 387
132096	 399
133120	 383
134144	 405
135168	 384
136192	 387
137216	 384
138240	 408
139264	 384
140288	 399
141312	 388
142336	 384
143360	 405
144384	 398
145408	 389
146432	 493
147456	 407
148480	 402
149504	 385
150528	 389
151552	 399
152576	 404
153600	 385
154624	 392
155648	 402
156672	 383
157696	 403
158720	 386
159744	 390
160768	 385
161792	 404
162816	 389
163840	 393
164864	 409
165888	 388
166912	 384
167936	 406
168960	 396
169984	 388
171008	 386
172032	 407
173056	 381
174080	 398
175104	 383
176128	 384
177152	 384
178176	 400
179200	 386
180224	 386
181248	 384
182272	 401
183296	 389
184320	 392
185344	 384
186368	 403
187392	 393
188416	 395
189440	 383
190464	 384
191488	 399
192512	 388
193536	 387
194560	 386
195584	 402
196608	 390
197632	 418
198656	 386
199680	 383
200704	 388
201728	 407
202752	 385
203776	 382
204800	 389
205824	 388
206848	 387
207872	 389
208896	 400
209920	 383
210944	 385
211968	 388
212992	 399
214016	 395
215040	 389
216064	 388
217088	 403
218112	 392
219136	 388
220160	 385
221184	 403
222208	 391
223232	 400
224256	 403
225280	 386
226304	 388
227328	 398
228352	 401
229376	 382
230400	 401
231424	 388
232448	 388
233472	 401
234496	 384
235520	 383
236544	 385
237568	 398
238592	 384
239616	 408
240640	 399
241664	 393
242688	 384
243712	 406
244736	 399
245760	 382
246784	 390
247808	 397
248832	 400
249856	 384
250880	 386
251904	 398
252928	 400
253952	 383
254976	 399
256000	 394
257024	 383
258048	 387
259072	 396
260096	 390
261120	 386
262144	 386
===============================================


=====1 GB array, cold cache miss, read 256 element====
Stride = 2048 element, 8192 bytes
2048	 809
4096	 408
6144	 384
8192	 408
10240	 388
12288	 381
14336	 409
16384	 386
18432	 385
20480	 393
22528	 386
24576	 392
26624	 402
28672	 389
30720	 402
32768	 392
34816	 398
36864	 383
38912	 389
40960	 385
43008	 398
45056	 385
47104	 401
49152	 388
51200	 400
53248	 388
55296	 404
57344	 392
59392	 384
61440	 399
63488	 384
65536	 402
67584	 393
69632	 408
71680	 466
73728	 408
75776	 390
77824	 386
79872	 388
81920	 381
83968	 384
86016	 393
88064	 383
90112	 390
92160	 401
94208	 442
96256	 401
98304	 388
100352	 399
102400	 384
104448	 388
106496	 383
108544	 399
110592	 388
112640	 399
114688	 386
116736	 402
118784	 390
120832	 401
122880	 389
124928	 385
126976	 485
129024	 383
131072	 398
133120	 398
135168	 408
137216	 389
139264	 409
141312	 399
143360	 381
145408	 401
147456	 385
149504	 399
151552	 389
153600	 403
155648	 393
157696	 382
159744	 387
161792	 383
163840	 391
165888	 410
167936	 383
169984	 399
172032	 387
174080	 402
176128	 387
178176	 384
180224	 388
182272	 382
184320	 387
186368	 385
188416	 392
190464	 385
192512	 399
194560	 416
196608	 402
198656	 420
200704	 383
202752	 408
204800	 481
206848	 387
208896	 389
210944	 384
212992	 389
215040	 393
217088	 387
219136	 392
221184	 385
223232	 392
225280	 437
227328	 431
229376	 399
231424	 398
233472	 387
235520	 385
237568	 387
239616	 388
241664	 400
243712	 385
245760	 401
247808	 388
249856	 400
251904	 387
253952	 402
256000	 401
258048	 385
260096	 482
262144	 382
264192	 834
266240	 386
268288	 408
270336	 388
272384	 384
274432	 401
276480	 385
278528	 400
280576	 388
282624	 401
284672	 393
286720	 404
288768	 388
290816	 382
292864	 392
294912	 384
296960	 394
299008	 399
301056	 386
303104	 444
305152	 383
307200	 383
309248	 385
311296	 383
313344	 387
315392	 383
317440	 389
319488	 385
321536	 399
323584	 387
325632	 402
327680	 385
329728	 394
331776	 399
333824	 385
335872	 488
337920	 384
339968	 391
342016	 387
344064	 392
346112	 381
348160	 406
350208	 384
352256	 409
354304	 388
356352	 381
358400	 478
360448	 388
362496	 395
364544	 412
366592	 387
368640	 572
370688	 401
372736	 388
374784	 400
376832	 390
378880	 389
380928	 385
382976	 390
385024	 386
387072	 398
389120	 385
391168	 444
393216	 385
395264	 397
397312	 402
399360	 386
401408	 436
403456	 401
405504	 392
407552	 402
409600	 390
411648	 389
413696	 409
415744	 386
417792	 407
419840	 402
421888	 388
423936	 482
425984	 384
428032	 414
430080	 393
432128	 400
434176	 454
436224	 385
438272	 389
440320	 384
442368	 389
444416	 402
446464	 387
448512	 399
450560	 383
452608	 384
454656	 387
456704	 419
458752	 385
460800	 398
462848	 402
464896	 392
466944	 401
468992	 399
471040	 383
473088	 401
475136	 385
477184	 385
479232	 507
481280	 386
483328	 399
485376	 407
487424	 382
489472	 409
491520	 381
493568	 410
495616	 385
497664	 402
499712	 386
501760	 391
503808	 384
505856	 392
507904	 387
509952	 408
512000	 386
514048	 408
516096	 382
518144	 385
520192	 387
522240	 385
524288	 389
===============================================


=====1 GB array, cold cache miss, read 256 element====
Stride = 4096 element, 16384 bytes
4096	 809
8192	 383
12288	 386
16384	 389
20480	 384
24576	 384
28672	 401
32768	 438
36864	 398
40960	 389
45056	 401
49152	 401
53248	 401
57344	 401
61440	 383
65536	 384
69632	 395
73728	 383
77824	 417
81920	 386
86016	 388
90112	 384
94208	 401
98304	 399
102400	 397
106496	 387
110592	 402
114688	 399
118784	 401
122880	 401
126976	 386
131072	 384
135168	 395
139264	 386
143360	 400
147456	 400
151552	 401
155648	 403
159744	 381
163840	 385
167936	 411
172032	 399
176128	 382
180224	 382
184320	 383
188416	 508
192512	 383
196608	 384
200704	 420
204800	 406
208896	 497
212992	 381
217088	 393
221184	 390
225280	 393
229376	 386
233472	 394
237568	 383
241664	 388
245760	 386
249856	 389
253952	 461
258048	 399
262144	 428
266240	 832
270336	 407
274432	 382
278528	 385
282624	 391
286720	 394
290816	 387
294912	 389
299008	 393
303104	 386
307200	 386
311296	 386
315392	 387
319488	 392
323584	 398
327680	 400
331776	 394
335872	 384
339968	 384
344064	 384
348160	 382
352256	 384
356352	 387
360448	 388
364544	 396
368640	 385
372736	 401
376832	 401
380928	 388
385024	 387
389120	 400
393216	 401
397312	 397
401408	 384
405504	 400
409600	 399
413696	 387
417792	 386
421888	 401
425984	 400
430080	 412
434176	 403
438272	 385
442368	 382
446464	 400
450560	 492
454656	 383
458752	 382
462848	 399
466944	 391
471040	 436
475136	 400
479232	 386
483328	 386
487424	 408
491520	 411
495616	 409
499712	 401
503808	 391
507904	 394
512000	 409
516096	 459
520192	 383
524288	 383
528384	 404
532480	 389
536576	 439
540672	 398
544768	 386
548864	 384
552960	 411
557056	 407
561152	 411
565248	 398
569344	 394
573440	 392
577536	 410
581632	 460
585728	 384
589824	 383
593920	 397
598016	 386
602112	 451
606208	 400
610304	 385
614400	 390
618496	 400
622592	 398
626688	 411
630784	 403
634880	 382
638976	 384
643072	 397
647168	 484
651264	 383
655360	 384
659456	 397
663552	 383
667648	 476
671744	 400
675840	 388
679936	 386
684032	 400
688128	 399
692224	 412
696320	 400
700416	 384
704512	 383
708608	 400
712704	 471
716800	 382
720896	 380
724992	 401
729088	 391
733184	 453
737280	 400
741376	 385
745472	 388
749568	 409
753664	 409
757760	 409
761856	 398
765952	 394
770048	 394
774144	 408
778240	 460
782336	 382
786432	 387
790528	 825
794624	 424
798720	 393
802816	 392
806912	 410
811008	 406
815104	 386
819200	 385
823296	 405
827392	 388
831488	 388
835584	 388
839680	 396
843776	 383
847872	 386
851968	 382
856064	 410
860160	 401
864256	 382
868352	 381
872448	 383
876544	 383
880640	 386
884736	 446
888832	 394
892928	 379
897024	 390
901120	 389
905216	 385
909312	 381
913408	 400
917504	 400
921600	 410
925696	 399
929792	 380
933888	 382
937984	 384
942080	 384
946176	 383
950272	 385
954368	 391
958464	 382
962560	 388
966656	 389
970752	 383
974848	 417
978944	 401
983040	 402
987136	 394
991232	 381
995328	 384
999424	 384
1003520	 392
1007616	 388
1011712	 400
1015808	 398
1019904	 398
1024000	 384
1028096	 408
1032192	 404
1036288	 401
1040384	 442
1044480	 393
1048576	 391
===============================================


=====1 GB array, cold cache miss, read 256 element====
Stride = 8192 element, 32768 bytes
8192	 768
16384	 364
24576	 365
32768	 380
40960	 377
49152	 378
57344	 379
65536	 364
73728	 375
81920	 366
90112	 366
98304	 380
106496	 378
114688	 479
122880	 379
131072	 367
139264	 376
147456	 376
155648	 378
163840	 365
172032	 390
180224	 361
188416	 440
196608	 367
204800	 396
212992	 365
221184	 371
229376	 369
237568	 376
245760	 367
253952	 369
262144	 378
270336	 787
278528	 364
286720	 370
294912	 367
303104	 373
311296	 366
319488	 370
327680	 377
335872	 372
344064	 364
352256	 364
360448	 366
368640	 376
376832	 379
385024	 367
393216	 378
401408	 377
409600	 378
417792	 367
425984	 378
434176	 391
442368	 364
450560	 377
458752	 364
466944	 378
475136	 375
483328	 366
491520	 433
499712	 390
507904	 370
516096	 384
524288	 366
532480	 381
540672	 378
548864	 368
557056	 385
565248	 401
573440	 372
581632	 386
589824	 367
598016	 378
606208	 378
614400	 366
622592	 378
630784	 391
638976	 366
647168	 377
655360	 362
663552	 380
671744	 378
679936	 368
688128	 378
696320	 392
704512	 366
712704	 378
720896	 364
729088	 379
737280	 379
745472	 366
753664	 382
761856	 388
770048	 368
778240	 384
786432	 363
794624	 834
802816	 371
811008	 386
819200	 364
827392	 384
835584	 369
843776	 367
851968	 368
860160	 389
868352	 365
876544	 364
884736	 366
892928	 376
901120	 368
909312	 364
917504	 378
925696	 389
933888	 363
942080	 410
950272	 365
958464	 373
966656	 368
974848	 366
983040	 377
991232	 380
999424	 368
1007616	 369
1015808	 377
1024000	 376
1032192	 385
1040384	 378
1048576	 372
1056768	 373
1064960	 383
1073152	 377
1081344	 368
1089536	 394
1097728	 363
1105920	 369
1114112	 367
1122304	 378
1130496	 387
1138688	 380
1146880	 371
1155072	 397
1163264	 365
1171456	 372
1179648	 369
1187840	 375
1196032	 382
1204224	 378
1212416	 369
1220608	 392
1228800	 362
1236992	 369
1245184	 369
1253376	 389
1261568	 366
1269760	 365
1277952	 366
1286144	 376
1294336	 369
1302528	 366
1310720	 378
1318912	 831
1327104	 367
1335296	 367
1343488	 377
1351680	 377
1359872	 377
1368064	 379
1376256	 363
1384448	 378
1392640	 376
1400832	 364
1409024	 383
1417216	 387
1425408	 370
1433600	 383
1441792	 365
1449984	 379
1458176	 379
1466368	 367
1474560	 425
1482752	 387
1490944	 371
1499136	 385
1507328	 366
1515520	 376
1523712	 379
1531904	 367
1540096	 378
1548288	 433
1556480	 363
1564672	 378
1572864	 363
1581056	 389
1589248	 363
1597440	 378
1605632	 365
1613824	 376
1622016	 365
1630208	 364
1638400	 369
1646592	 378
1654784	 381
1662976	 367
1671168	 378
1679360	 390
1687552	 363
1695744	 378
1703936	 384
1712128	 390
1720320	 364
1728512	 376
1736704	 365
1744896	 375
1753088	 365
1761280	 364
1769472	 365
1777664	 390
1785856	 372
1794048	 385
1802240	 368
1810432	 384
1818624	 370
1826816	 365
1835008	 364
1843200	 780
1851392	 370
1859584	 381
1867776	 365
1875968	 381
1884160	 368
1892352	 363
1900544	 364
1908736	 390
1916928	 361
1925120	 363
1933312	 364
1941504	 374
1949696	 367
1957888	 364
1966080	 456
1974272	 374
1982464	 370
1990656	 366
1998848	 381
2007040	 379
2015232	 377
2023424	 378
2031616	 364
2039808	 375
2048000	 384
2056192	 377
2064384	 369
2072576	 398
2080768	 439
2088960	 370
2097152	 367
===============================================


=====1 GB array, cold cache miss, read 256 element====
Stride = 16384 element, 65536 bytes
16384	 807
32768	 386
49152	 397
65536	 458
81920	 396
98304	 385
114688	 410
131072	 401
147456	 398
163840	 402
180224	 412
196608	 384
212992	 419
229376	 392
245760	 397
262144	 390
278528	 833
294912	 392
311296	 483
327680	 388
344064	 395
360448	 380
376832	 394
393216	 386
409600	 396
425984	 387
442368	 411
458752	 400
475136	 398
491520	 407
507904	 408
524288	 406
540672	 400
557056	 387
573440	 476
589824	 406
606208	 396
622592	 387
638976	 413
655360	 399
671744	 396
688128	 387
704512	 413
720896	 402
737280	 397
753664	 381
770048	 408
786432	 407
802816	 826
819200	 410
835584	 403
851968	 386
868352	 411
884736	 384
901120	 392
917504	 386
933888	 410
950272	 383
966656	 391
983040	 386
999424	 408
1015808	 388
1032192	 396
1048576	 399
1064960	 396
1081344	 399
1097728	 419
1114112	 388
1130496	 398
1146880	 401
1163264	 420
1179648	 392
1196032	 394
1212416	 396
1228800	 417
1245184	 392
1261568	 413
1277952	 386
1294336	 394
1310720	 388
1327104	 803
1343488	 382
1359872	 396
1376256	 401
1392640	 399
1409024	 384
1425408	 410
1441792	 407
1458176	 401
1474560	 387
1490944	 412
1507328	 408
1523712	 395
1540096	 386
1556480	 411
1572864	 397
1589248	 415
1605632	 399
1622016	 398
1638400	 383
1654784	 395
1671168	 386
1687552	 433
1703936	 400
1720320	 457
1736704	 402
1753088	 393
1769472	 382
1785856	 409
1802240	 408
1818624	 406
1835008	 386
1851392	 824
1867776	 408
1884160	 401
1900544	 383
1916928	 408
1933312	 398
1949696	 392
1966080	 386
1982464	 395
1998848	 386
2015232	 398
2031616	 401
2048000	 395
2064384	 398
2080768	 416
2097152	 390
2113536	 396
2129920	 401
2146304	 421
2162688	 394
2179072	 395
2195456	 447
2211840	 417
2228224	 390
2244608	 419
2260992	 391
2277376	 395
2293760	 388
2310144	 394
2326528	 384
2342912	 399
2359296	 400
2375680	 808
2392064	 385
2408448	 400
2424832	 400
2441216	 399
2457600	 386
2473984	 411
2490368	 409
2506752	 407
2523136	 407
2539520	 399
2555904	 382
2572288	 414
2588672	 400
2605056	 396
2621440	 429
2637824	 413
2654208	 398
2670592	 396
2686976	 382
2703360	 520
2719744	 408
2736128	 404
2752512	 386
2768896	 410
2785280	 407
2801664	 403
2818048	 383
2834432	 412
2850816	 400
2867200	 394
2883584	 382
2899968	 809
2916352	 380
2932736	 394
2949120	 386
2965504	 394
2981888	 388
2998272	 393
3014656	 396
3031040	 394
3047424	 388
3063808	 396
3080192	 399
3096576	 398
3112960	 402
3129344	 411
3145728	 383
3162112	 410
3178496	 386
3194880	 395
3211264	 386
3227648	 410
3244032	 383
3260416	 393
3276800	 384
3293184	 409
3309568	 414
3325952	 394
3342336	 386
3358720	 395
3375104	 387
3391488	 395
3407872	 397
3424256	 817
3440640	 399
3457024	 419
3473408	 392
3489792	 413
3506176	 400
3522560	 395
3538944	 384
3555328	 462
3571712	 398
3588096	 391
3604480	 382
3620864	 410
3637248	 410
3653632	 405
3670016	 385
3686400	 401
3702784	 382
3719168	 399
3735552	 384
3751936	 410
3768320	 381
3784704	 393
3801088	 385
3817472	 412
3833856	 383
3850240	 394
3866624	 386
3883008	 418
3899392	 390
3915776	 393
3932160	 386
3948544	 814
3964928	 390
3981312	 397
3997696	 400
4014080	 397
4030464	 390
4046848	 414
4063232	 400
4079616	 395
4096000	 387
4112384	 410
4128768	 399
4145152	 411
4161536	 506
4177920	 403
4194304	 386
===============================================


=====1 GB array, cold cache miss, read 256 element====
Stride = 32768 element, 131072 bytes
32768	 809
65536	 396
98304	 395
131072	 397
163840	 397
196608	 409
229376	 419
262144	 396
294912	 834
327680	 394
360448	 393
393216	 397
425984	 398
458752	 410
491520	 397
524288	 407
557056	 399
589824	 413
622592	 397
655360	 410
688128	 397
720896	 415
753664	 398
786432	 408
819200	 824
851968	 403
884736	 411
917504	 395
950272	 411
983040	 394
1015808	 395
1048576	 396
1081344	 396
1114112	 418
1146880	 399
1179648	 421
1212416	 395
1245184	 416
1277952	 411
1310720	 396
1343488	 804
1376256	 397
1409024	 399
1441792	 409
1474560	 400
1507328	 409
1540096	 397
1572864	 411
1605632	 414
1638400	 392
1671168	 501
1703936	 412
1736704	 410
1769472	 393
1802240	 410
1835008	 510
1867776	 828
1900544	 399
1933312	 408
1966080	 392
1998848	 393
2031616	 399
2064384	 395
2097152	 417
2129920	 399
2162688	 420
2195456	 394
2228224	 418
2260992	 418
2293760	 396
2326528	 390
2359296	 396
2392064	 808
2424832	 399
2457600	 400
2490368	 410
2523136	 406
2555904	 401
2588672	 413
2621440	 395
2654208	 410
2686976	 395
2719744	 411
2752512	 403
2785280	 411
2818048	 400
2850816	 410
2883584	 396
2916352	 810
2949120	 396
2981888	 392
3014656	 395
3047424	 394
3080192	 397
3112960	 395
3145728	 407
3178496	 412
3211264	 396
3244032	 411
3276800	 393
3309568	 509
3342336	 394
3375104	 394
3407872	 396
3440640	 938
3473408	 419
3506176	 413
3538944	 395
3571712	 413
3604480	 490
3637248	 409
3670016	 403
3702784	 402
3735552	 399
3768320	 410
3801088	 392
3833856	 412
3866624	 395
3899392	 418
3932160	 392
3964928	 812
3997696	 397
4030464	 399
4063232	 413
4096000	 448
4128768	 411
4161536	 411
4194304	 404
4227072	 400
4259840	 495
4292608	 403
4325376	 400
4358144	 402
4390912	 399
4423680	 400
4456448	 413
4489216	 831
4521984	 394
4554752	 419
4587520	 393
4620288	 420
4653056	 395
4685824	 409
4718592	 393
4751360	 395
4784128	 398
4816896	 417
4849664	 393
4882432	 395
4915200	 396
4947968	 392
4980736	 396
5013504	 811
5046272	 398
5079040	 400
5111808	 410
5144576	 408
5177344	 401
5210112	 395
5242880	 479
5275648	 393
5308416	 395
5341184	 394
5373952	 399
5406720	 395
5439488	 412
5472256	 412
5505024	 405
5537792	 830
5570560	 401
5603328	 410
5636096	 395
5668864	 394
5701632	 398
5734400	 392
5767168	 395
5799936	 395
5832704	 397
5865472	 395
5898240	 397
5931008	 392
5963776	 395
5996544	 392
6029312	 399
6062080	 818
6094848	 411
6127616	 409
6160384	 402
6193152	 410
6225920	 454
6258688	 393
6291456	 395
6324224	 397
6356992	 414
6389760	 395
6422528	 411
6455296	 396
6488064	 413
6520832	 409
6553600	 402
6586368	 814
6619136	 401
6651904	 395
6684672	 399
6717440	 416
6750208	 398
6782976	 396
6815744	 395
6848512	 395
6881280	 417
6914048	 393
6946816	 398
6979584	 399
7012352	 409
7045120	 398
7077888	 418
7110656	 814
7143424	 417
7176192	 410
7208960	 426
7241728	 396
7274496	 398
7307264	 398
7340032	 408
7372800	 400
7405568	 410
7438336	 397
7471104	 408
7503872	 410
7536640	 403
7569408	 393
7602176	 396
7634944	 815
7667712	 397
7700480	 411
7733248	 396
7766016	 395
7798784	 419
7831552	 399
7864320	 412
7897088	 396
7929856	 410
7962624	 398
7995392	 399
8028160	 394
8060928	 395
8093696	 402
8126464	 402
8159232	 819
8192000	 406
8224768	 399
8257536	 409
8290304	 401
8323072	 410
8355840	 415
8388608	 393
===============================================


=====1 GB array, cold cache miss, read 256 element====
Stride = 65536 element, 262144 bytes
65536	 807
131072	 393
196608	 396
262144	 419
327680	 831
393216	 445
458752	 395
524288	 398
589824	 398
655360	 397
720896	 397
786432	 399
851968	 825
917504	 413
983040	 409
1048576	 394
1114112	 391
1179648	 397
1245184	 396
1310720	 412
1376256	 806
1441792	 399
1507328	 401
1572864	 394
1638400	 524
1703936	 397
1769472	 412
1835008	 412
1900544	 820
1966080	 409
2031616	 394
2097152	 393
2162688	 394
2228224	 394
2293760	 417
2359296	 393
2424832	 806
2490368	 401
2555904	 418
2621440	 413
2686976	 411
2752512	 411
2818048	 408
2883584	 518
2949120	 807
3014656	 395
3080192	 397
3145728	 399
3211264	 410
3276800	 407
3342336	 411
3407872	 394
3473408	 817
3538944	 412
3604480	 413
3670016	 411
3735552	 401
3801088	 520
3866624	 412
3932160	 418
3997696	 816
4063232	 477
4128768	 395
4194304	 412
4259840	 400
4325376	 402
4390912	 400
4456448	 396
4521984	 827
4587520	 418
4653056	 419
4718592	 411
4784128	 394
4849664	 418
4915200	 396
4980736	 391
5046272	 813
5111808	 401
5177344	 409
5242880	 396
5308416	 394
5373952	 396
5439488	 395
5505024	 410
5570560	 830
5636096	 410
5701632	 396
5767168	 394
5832704	 399
5898240	 399
5963776	 396
6029312	 393
6094848	 819
6160384	 410
6225920	 513
6291456	 393
6356992	 398
6422528	 395
6488064	 398
6553600	 409
6619136	 822
6684672	 394
6750208	 393
6815744	 397
6881280	 394
6946816	 393
7012352	 400
7077888	 397
7143424	 807
7208960	 410
7274496	 396
7340032	 397
7405568	 399
7471104	 399
7536640	 411
7602176	 429
7667712	 808
7733248	 395
7798784	 419
7864320	 397
7929856	 396
7995392	 394
8060928	 395
8126464	 403
8192000	 808
8257536	 395
8323072	 398
8388608	 417
8454144	 394
8519680	 391
8585216	 397
8650752	 397
8716288	 824
8781824	 403
8847360	 401
8912896	 396
8978432	 395
9043968	 404
9109504	 397
9175040	 397
9240576	 809
9306112	 395
9371648	 458
9437184	 394
9502720	 395
9568256	 394
9633792	 398
9699328	 418
9764864	 838
9830400	 396
9895936	 394
9961472	 401
10027008	 397
10092544	 401
10158080	 402
10223616	 395
10289152	 832
10354688	 419
10420224	 416
10485760	 395
10551296	 398
10616832	 493
10682368	 397
10747904	 419
10813440	 813
10878976	 395
10944512	 396
11010048	 397
11075584	 413
11141120	 398
11206656	 412
11272192	 408
11337728	 827
11403264	 411
11468800	 391
11534336	 401
11599872	 394
11665408	 399
11730944	 418
11796480	 395
11862016	 891
11927552	 398
11993088	 412
12058624	 412
12124160	 527
12189696	 399
12255232	 420
12320768	 410
12386304	 834
12451840	 400
12517376	 399
12582912	 411
12648448	 412
12713984	 412
12779520	 396
12845056	 396
12910592	 823
12976128	 398
13041664	 499
13107200	 419
13172736	 417
13238272	 411
13303808	 409
13369344	 514
13434880	 817
13500416	 396
13565952	 447
13631488	 406
13697024	 418
13762560	 401
13828096	 404
13893632	 394
13959168	 947
14024704	 421
14090240	 417
14155776	 412
14221312	 502
14286848	 411
14352384	 396
14417920	 394
14483456	 822
14548992	 397
14614528	 412
14680064	 403
14745600	 400
14811136	 402
14876672	 398
14942208	 413
15007744	 836
15073280	 419
15138816	 395
15204352	 393
15269888	 395
15335424	 394
15400960	 399
15466496	 391
15532032	 826
15597568	 411
15663104	 410
15728640	 394
15794176	 394
15859712	 396
15925248	 395
15990784	 412
16056320	 896
16121856	 394
16187392	 395
16252928	 393
16318464	 396
16384000	 397
16449536	 417
16515072	 394
16580608	 816
16646144	 397
16711680	 412
16777216	 412
===============================================


=====1 GB array, cold cache miss, read 256 element====
Stride = 131072 element, 524288 bytes
131072	 804
262144	 398
393216	 953
524288	 396
655360	 399
786432	 397
917504	 825
1048576	 410
1179648	 395
1310720	 396
1441792	 807
1572864	 401
1703936	 411
1835008	 411
1966080	 876
2097152	 394
2228224	 398
2359296	 418
2490368	 807
2621440	 408
2752512	 411
2883584	 410
3014656	 808
3145728	 395
3276800	 410
3407872	 412
3538944	 810
3670016	 410
3801088	 399
3932160	 412
4063232	 814
4194304	 396
4325376	 401
4456448	 399
4587520	 824
4718592	 415
4849664	 394
4980736	 396
5111808	 810
5242880	 409
5373952	 431
5505024	 392
5636096	 876
5767168	 395
5898240	 514
6029312	 392
6160384	 816
6291456	 411
6422528	 395
6553600	 395
6684672	 819
6815744	 393
6946816	 396
7077888	 397
7208960	 814
7340032	 396
7471104	 400
7602176	 422
7733248	 813
7864320	 395
7995392	 395
8126464	 394
8257536	 816
8388608	 398
8519680	 397
8650752	 394
8781824	 829
8912896	 402
9043968	 395
9175040	 397
9306112	 851
9437184	 419
9568256	 394
9699328	 399
9830400	 832
9961472	 394
10092544	 397
10223616	 399
10354688	 829
10485760	 417
10616832	 398
10747904	 398
10878976	 873
11010048	 397
11141120	 411
11272192	 414
11403264	 931
11534336	 392
11665408	 395
11796480	 419
11927552	 817
12058624	 412
12189696	 413
12320768	 416
12451840	 835
12582912	 399
12713984	 413
12845056	 395
12976128	 822
13107200	 495
13238272	 418
13369344	 410
13500416	 817
13631488	 476
13762560	 404
13893632	 404
14024704	 838
14155776	 416
14286848	 391
14417920	 396
14548992	 824
14680064	 413
14811136	 401
14942208	 398
15073280	 837
15204352	 395
15335424	 393
15466496	 395
15597568	 825
15728640	 411
15859712	 396
15990784	 395
16121856	 823
16252928	 393
16384000	 395
16515072	 415
16646144	 812
16777216	 413
16908288	 413
17039360	 395
17170432	 821
17301504	 408
17432576	 390
17563648	 408
17694720	 814
17825792	 411
17956864	 402
18087936	 401
18219008	 833
18350080	 416
18481152	 398
18612224	 393
18743296	 818
18874368	 394
19005440	 401
19136512	 408
19267584	 914
19398656	 396
19529728	 398
19660800	 394
19791872	 829
19922944	 401
20054016	 396
20185088	 413
20316160	 820
20447232	 394
20578304	 419
20709376	 396
20840448	 875
20971520	 395
21102592	 398
21233664	 417
21364736	 810
21495808	 398
21626880	 394
21757952	 409
21889024	 811
22020096	 398
22151168	 400
22282240	 394
22413312	 813
22544384	 428
22675456	 401
22806528	 410
22937600	 822
23068672	 396
23199744	 407
23330816	 393
23461888	 812
23592960	 413
23724032	 401
23855104	 395
23986176	 819
24117248	 411
24248320	 414
24379392	 395
24510464	 831
24641536	 403
24772608	 396
24903680	 399
25034752	 832
25165824	 395
25296896	 408
25427968	 401
25559040	 835
25690112	 398
25821184	 395
25952256	 536
26083328	 826
26214400	 408
26345472	 410
26476544	 464
26607616	 831
26738688	 409
26869760	 397
27000832	 418
27131904	 827
27262976	 409
27394048	 394
27525120	 395
27656192	 845
27787264	 410
27918336	 394
28049408	 394
28180480	 823
28311552	 393
28442624	 404
28573696	 411
28704768	 841
28835840	 394
28966912	 398
29097984	 400
29229056	 968
29360128	 393
29491200	 392
29622272	 410
29753344	 959
29884416	 398
30015488	 470
30146560	 395
30277632	 902
30408704	 394
30539776	 394
30670848	 417
30801920	 827
30932992	 399
31064064	 393
31195136	 411
31326208	 834
31457280	 398
31588352	 398
31719424	 395
31850496	 919
31981568	 410
32112640	 392
32243712	 410
32374784	 830
32505856	 395
32636928	 412
32768000	 395
32899072	 814
33030144	 410
33161216	 399
33292288	 395
33423360	 830
33554432	 436
===============================================


=====1 GB array, cold cache miss, read 256 element====
Stride = 262144 element, 1048576 bytes
262144	 809
524288	 834
786432	 505
1048576	 824
1310720	 396
1572864	 932
1835008	 416
2097152	 827
2359296	 397
2621440	 894
2883584	 413
3145728	 809
3407872	 410
3670016	 817
3932160	 401
4194304	 814
4456448	 401
4718592	 831
4980736	 394
5242880	 919
5505024	 392
5767168	 826
6029312	 397
6291456	 933
6553600	 397
6815744	 820
7077888	 396
7340032	 812
7602176	 401
7864320	 814
8126464	 419
8388608	 816
8650752	 398
8912896	 827
9175040	 396
9437184	 816
9699328	 395
9961472	 837
10223616	 400
10485760	 830
10747904	 396
11010048	 812
11272192	 414
11534336	 829
11796480	 397
12058624	 821
12320768	 411
12582912	 835
12845056	 416
13107200	 827
13369344	 417
13631488	 821
13893632	 404
14155776	 839
14417920	 392
14680064	 861
14942208	 401
15204352	 836
15466496	 394
15728640	 820
15990784	 395
16252928	 824
16515072	 395
16777216	 812
17039360	 412
17301504	 820
17563648	 393
17825792	 812
18087936	 404
18350080	 834
18612224	 400
18874368	 818
19136512	 401
19398656	 832
19660800	 400
19922944	 831
20185088	 397
20447232	 821
20709376	 418
20971520	 821
21233664	 397
21495808	 813
21757952	 396
22020096	 836
22282240	 399
22544384	 817
22806528	 401
23068672	 819
23330816	 412
23592960	 816
23855104	 400
24117248	 819
24379392	 418
24641536	 829
24903680	 477
25165824	 885
25427968	 408
25690112	 864
25952256	 393
26214400	 862
26476544	 413
26738688	 830
27000832	 397
27262976	 829
27525120	 395
27787264	 845
28049408	 395
28311552	 831
28573696	 404
28835840	 843
29097984	 395
29360128	 866
29622272	 393
29884416	 851
30146560	 411
30408704	 874
30670848	 396
30932992	 828
31195136	 394
31457280	 833
31719424	 400
31981568	 826
32243712	 391
32505856	 829
32768000	 412
33030144	 815
33292288	 399
33554432	 825
33816576	 413
34078720	 819
34340864	 418
34603008	 833
34865152	 411
35127296	 812
35389440	 410
35651584	 811
35913728	 505
36175872	 829
36438016	 395
36700160	 816
36962304	 393
37224448	 824
37486592	 397
37748736	 815
38010880	 398
38273024	 830
38535168	 397
38797312	 825
39059456	 398
39321600	 811
39583744	 407
39845888	 829
40108032	 399
40370176	 811
40632320	 409
40894464	 821
41156608	 419
41418752	 823
41680896	 396
41943040	 823
42205184	 398
42467328	 823
42729472	 397
42991616	 840
43253760	 412
43515904	 825
43778048	 418
44040192	 839
44302336	 441
44564480	 828
44826624	 419
45088768	 823
45350912	 404
45613056	 828
45875200	 391
46137344	 814
46399488	 391
46661632	 835
46923776	 399
47185920	 811
47448064	 394
47710208	 827
47972352	 396
48234496	 824
48496640	 398
48758784	 808
49020928	 411
49283072	 830
49545216	 397
49807360	 927
50069504	 408
50331648	 830
50593792	 391
50855936	 969
51118080	 410
51380224	 836
51642368	 393
51904512	 827
52166656	 413
52428800	 822
52690944	 398
52953088	 814
53215232	 395
53477376	 842
53739520	 399
54001664	 819
54263808	 401
54525952	 815
54788096	 410
55050240	 817
55312384	 393
55574528	 822
55836672	 394
56098816	 826
56360960	 502
56623104	 819
56885248	 395
57147392	 913
57409536	 394
57671680	 838
57933824	 402
58195968	 930
58458112	 410
58720256	 815
58982400	 419
59244544	 815
59506688	 396
59768832	 830
60030976	 393
60293120	 840
60555264	 409
60817408	 870
61079552	 392
61341696	 837
61603840	 412
61865984	 915
62128128	 396
62390272	 817
62652416	 396
62914560	 816
63176704	 413
63438848	 827
63700992	 395
63963136	 819
64225280	 411
64487424	 821
64749568	 393
65011712	 824
65273856	 402
65536000	 840
65798144	 400
66060288	 825
66322432	 395
66584576	 825
66846720	 397
67108864	 817
===============================================


=====1 GB array, cold cache miss, read 256 element====
Stride = 524288 element, 2097152 bytes
524288	 802
1048576	 813
1572864	 803
2097152	 828
2621440	 811
3145728	 823
3670016	 828
4194304	 821
4718592	 820
5242880	 808
5767168	 815
6291456	 816
6815744	 816
7340032	 812
7864320	 815
8388608	 814
8912896	 895
9437184	 812
9961472	 813
10485760	 812
11010048	 815
11534336	 825
12058624	 810
12582912	 838
13107200	 921
13631488	 841
14155776	 825
14680064	 821
15204352	 825
15728640	 816
16252928	 821
16777216	 819
17301504	 837
17825792	 813
18350080	 824
18874368	 818
19398656	 823
19922944	 817
20447232	 812
20971520	 842
21495808	 840
22020096	 812
22544384	 814
23068672	 821
23592960	 833
24117248	 821
24641536	 835
25165824	 825
25690112	 840
26214400	 824
26738688	 961
27262976	 827
27787264	 823
28311552	 904
28835840	 838
29360128	 833
29884416	 821
30408704	 850
30932992	 827
31457280	 829
31981568	 833
32505856	 824
33030144	 845
33554432	 816
34078720	 829
34603008	 835
35127296	 829
35651584	 835
36175872	 817
36700160	 813
37224448	 811
37748736	 809
38273024	 812
38797312	 813
39321600	 836
39845888	 822
40370176	 813
40894464	 885
41418752	 834
41943040	 819
42467328	 819
42991616	 831
43515904	 836
44040192	 846
44564480	 837
45088768	 839
45613056	 828
46137344	 803
46661632	 811
47185920	 819
47710208	 809
48234496	 815
48758784	 810
49283072	 892
49807360	 814
50331648	 825
50855936	 811
51380224	 831
51904512	 812
52428800	 828
52953088	 814
53477376	 838
54001664	 820
54525952	 835
55050240	 828
55574528	 815
56098816	 811
56623104	 817
57147392	 813
57671680	 875
58195968	 824
58720256	 825
59244544	 835
59768832	 808
60293120	 809
60817408	 824
61341696	 808
61865984	 872
62390272	 807
62914560	 818
63438848	 833
63963136	 822
64487424	 833
65011712	 815
65536000	 824
66060288	 870
66584576	 819
67108864	 815
67633152	 822
68157440	 814
68681728	 813
69206016	 814
69730304	 814
70254592	 859
70778880	 822
71303168	 816
71827456	 816
72351744	 829
72876032	 846
73400320	 813
73924608	 834
74448896	 845
74973184	 811
75497472	 819
76021760	 830
76546048	 840
77070336	 817
77594624	 815
78118912	 820
78643200	 841
79167488	 818
79691776	 814
80216064	 816
80740352	 834
81264640	 819
81788928	 834
82313216	 830
82837504	 856
83361792	 839
83886080	 824
84410368	 826
84934656	 826
85458944	 830
85983232	 835
86507520	 844
87031808	 827
87556096	 852
88080384	 935
88604672	 835
89128960	 840
89653248	 948
90177536	 852
90701824	 946
91226112	 855
91750400	 852
92274688	 1173
92798976	 828
93323264	 841
93847552	 827
94371840	 829
94896128	 826
95420416	 827
95944704	 844
96468992	 826
96993280	 839
97517568	 914
98041856	 829
98566144	 826
99090432	 827
99614720	 855
100139008	 830
100663296	 831
101187584	 831
101711872	 826
102236160	 811
102760448	 812
103284736	 809
103809024	 809
104333312	 836
104857600	 812
105381888	 817
105906176	 890
106430464	 809
106954752	 830
107479040	 835
108003328	 810
108527616	 874
109051904	 824
109576192	 838
110100480	 840
110624768	 835
111149056	 833
111673344	 828
112197632	 818
112721920	 818
113246208	 810
113770496	 807
114294784	 827
114819072	 811
115343360	 827
115867648	 812
116391936	 820
116916224	 885
117440512	 815
117964800	 814
118489088	 825
119013376	 821
119537664	 828
120061952	 814
120586240	 819
121110528	 832
121634816	 819
122159104	 813
122683392	 852
123207680	 822
123731968	 817
124256256	 819
124780544	 825
125304832	 818
125829120	 834
126353408	 806
126877696	 870
127401984	 810
127926272	 828
128450560	 809
128974848	 811
129499136	 810
130023424	 829
130547712	 838
131072000	 863
131596288	 819
132120576	 820
132644864	 816
133169152	 820
133693440	 818
134217728	 833
===============================================


=====1 GB array, cold cache miss, read 256 element====
Stride = 1048576 element, 4194304 bytes
1048576	 801
2097152	 806
3145728	 810
4194304	 824
5242880	 821
6291456	 807
7340032	 813
8388608	 817
9437184	 812
10485760	 803
11534336	 807
12582912	 809
13631488	 909
14680064	 828
15728640	 819
16777216	 810
17825792	 832
18874368	 817
19922944	 819
20971520	 808
22020096	 858
23068672	 816
24117248	 828
25165824	 831
26214400	 838
27262976	 844
28311552	 822
29360128	 837
30408704	 821
31457280	 827
32505856	 829
33554432	 844
34603008	 827
35651584	 825
36700160	 814
37748736	 812
38797312	 808
39845888	 813
40894464	 809
41943040	 833
42991616	 820
44040192	 833
45088768	 833
46137344	 827
47185920	 802
48234496	 808
49283072	 810
50331648	 810
51380224	 806
52428800	 811
53477376	 810
54525952	 817
55574528	 939
56623104	 810
57671680	 811
58720256	 819
59768832	 835
60817408	 806
61865984	 807
62914560	 809
63963136	 873
65011712	 838
66060288	 820
67108864	 818
68157440	 823
69206016	 812
70254592	 813
71303168	 815
72351744	 874
73400320	 838
74448896	 833
75497472	 808
76546048	 825
77594624	 817
78643200	 818
79691776	 814
80740352	 852
81788928	 818
82837504	 830
83886080	 838
84934656	 825
85983232	 825
87031808	 840
88080384	 848
89128960	 831
90177536	 837
91226112	 959
92274688	 853
93323264	 1144
94371840	 826
95420416	 825
96468992	 840
97517568	 836
98566144	 830
99614720	 829
100663296	 831
101711872	 918
102760448	 812
103809024	 814
104857600	 812
105906176	 819
106954752	 810
108003328	 830
109051904	 821
110100480	 898
111149056	 831
112197632	 827
113246208	 927
114294784	 809
115343360	 812
116391936	 813
117440512	 831
118489088	 813
119537664	 809
120586240	 817
121634816	 939
122683392	 814
123731968	 819
124780544	 818
125829120	 816
126877696	 806
127926272	 810
128974848	 809
130023424	 846
131072000	 839
132120576	 816
133169152	 821
134217728	 816
135266304	 811
136314880	 818
137363456	 816
138412032	 911
139460608	 836
140509184	 831
141557760	 808
142606336	 813
143654912	 815
144703488	 803
145752064	 812
146800640	 871
147849216	 823
148897792	 832
149946368	 839
150994944	 815
152043520	 829
153092096	 847
154140672	 844
155189248	 823
156237824	 841
157286400	 950
158334976	 855
159383552	 849
160432128	 852
161480704	 815
162529280	 827
163577856	 832
164626432	 811
165675008	 818
166723584	 815
167772160	 832
168820736	 816
169869312	 821
170917888	 845
171966464	 835
173015040	 817
174063616	 805
175112192	 812
176160768	 825
177209344	 941
178257920	 841
179306496	 959
180355072	 857
181403648	 827
182452224	 933
183500800	 829
184549376	 827
185597952	 815
186646528	 830
187695104	 818
188743680	 821
189792256	 816
190840832	 825
191889408	 827
192937984	 930
193986560	 836
195035136	 826
196083712	 823
197132288	 834
198180864	 834
199229440	 836
200278016	 858
201326592	 881
202375168	 832
203423744	 825
204472320	 811
205520896	 813
206569472	 815
207618048	 826
208666624	 830
209715200	 816
210763776	 809
211812352	 832
212860928	 844
213909504	 806
214958080	 814
216006656	 813
217055232	 826
218103808	 828
219152384	 834
220200960	 830
221249536	 842
222298112	 840
223346688	 840
224395264	 831
225443840	 823
226492416	 831
227540992	 1127
228589568	 816
229638144	 817
230686720	 831
231735296	 835
232783872	 825
233832448	 812
234881024	 852
235929600	 826
236978176	 817
238026752	 842
239075328	 831
240123904	 818
241172480	 812
242221056	 808
243269632	 821
244318208	 835
245366784	 836
246415360	 839
247463936	 855
248512512	 825
249561088	 829
250609664	 832
251658240	 840
252706816	 815
253755392	 820
254803968	 833
255852544	 832
256901120	 829
257949696	 811
258998272	 812
260046848	 812
261095424	 838
262144000	 828
263192576	 827
264241152	 836
265289728	 851
266338304	 860
267386880	 833
0	 832
===============================================


=====1 GB array, cold cache miss, read 256 element====
Stride = 2097152 element, 8388608 bytes
2097152	 778
4194304	 778
6291456	 787
8388608	 784
10485760	 828
12582912	 782
14680064	 801
16777216	 792
18874368	 796
20971520	 786
23068672	 784
25165824	 846
27262976	 804
29360128	 789
31457280	 791
33554432	 796
35651584	 794
37748736	 782
39845888	 778
41943040	 780
44040192	 790
46137344	 801
48234496	 773
50331648	 781
52428800	 775
54525952	 797
56623104	 790
58720256	 782
60817408	 798
62914560	 771
65011712	 798
67108864	 789
69206016	 798
71303168	 779
73400320	 782
75497472	 798
77594624	 792
79691776	 789
81788928	 783
83886080	 808
85983232	 792
88080384	 807
90177536	 797
92274688	 802
94371840	 1094
96468992	 789
98566144	 800
100663296	 791
102760448	 793
104857600	 779
106954752	 777
109051904	 798
111149056	 829
113246208	 795
115343360	 776
117440512	 781
119537664	 779
121634816	 785
123731968	 783
125829120	 788
127926272	 776
130023424	 779
132120576	 799
134217728	 784
136314880	 783
138412032	 786
140509184	 802
142606336	 781
144703488	 785
146800640	 780
148897792	 785
150994944	 807
153092096	 794
155189248	 812
157286400	 804
159383552	 816
161480704	 779
163577856	 796
165675008	 781
167772160	 781
169869312	 856
171966464	 807
174063616	 782
176160768	 779
178257920	 802
180355072	 797
182452224	 791
184549376	 794
186646528	 783
188743680	 787
190840832	 781
192937984	 788
195035136	 800
197132288	 790
199229440	 799
201326592	 819
203423744	 793
205520896	 776
207618048	 780
209715200	 829
211812352	 778
213909504	 794
216006656	 785
218103808	 790
220200960	 800
222298112	 807
224395264	 804
226492416	 790
228589568	 1082
230686720	 787
232783872	 800
234881024	 782
236978176	 789
239075328	 808
241172480	 784
243269632	 779
245366784	 798
247463936	 802
249561088	 790
251658240	 914
253755392	 785
255852544	 800
257949696	 797
260046848	 777
262144000	 904
264241152	 791
266338304	 815
0	 802
2097152	 336
4194304	 342
6291456	 339
8388608	 338
10485760	 342
12582912	 335
14680064	 337
16777216	 339
18874368	 338
20971520	 340
23068672	 342
25165824	 338
27262976	 338
29360128	 337
31457280	 335
33554432	 342
35651584	 337
37748736	 338
39845888	 341
41943040	 336
44040192	 339
46137344	 338
48234496	 335
50331648	 341
52428800	 337
54525952	 340
56623104	 338
58720256	 337
60817408	 342
62914560	 335
65011712	 337
67108864	 338
69206016	 342
71303168	 336
73400320	 339
75497472	 340
77594624	 334
79691776	 342
81788928	 337
83886080	 339
85983232	 339
88080384	 339
90177536	 335
92274688	 341
94371840	 337
96468992	 338
98566144	 341
100663296	 335
102760448	 340
104857600	 335
106954752	 337
109051904	 341
111149056	 335
113246208	 341
115343360	 339
117440512	 338
119537664	 339
121634816	 337
123731968	 335
125829120	 342
127926272	 337
130023424	 338
132120576	 340
134217728	 335
136314880	 337
138412032	 338
140509184	 342
142606336	 335
144703488	 338
146800640	 337
148897792	 335
150994944	 343
153092096	 335
155189248	 342
157286400	 339
159383552	 338
161480704	 341
163577856	 336
165675008	 337
167772160	 338
169869312	 336
171966464	 342
174063616	 338
176160768	 338
178257920	 341
180355072	 336
182452224	 337
184549376	 338
186646528	 337
188743680	 339
190840832	 341
192937984	 336
195035136	 339
197132288	 337
199229440	 335
201326592	 342
203423744	 340
205520896	 338
207618048	 334
209715200	 340
211812352	 337
213909504	 340
216006656	 342
218103808	 335
220200960	 341
222298112	 335
224395264	 339
226492416	 339
228589568	 336
230686720	 342
232783872	 341
234881024	 337
236978176	 338
239075328	 340
241172480	 341
243269632	 335
245366784	 339
247463936	 337
249561088	 337
251658240	 342
253755392	 337
255852544	 343
257949696	 340
260046848	 337
262144000	 341
264241152	 334
266338304	 338
0	 338
===============================================


=====1 GB array, cold cache miss, read 256 element====
Stride = 4194304 element, 16777216 bytes
4194304	 775
8388608	 785
12582912	 779
16777216	 801
20971520	 796
25165824	 782
29360128	 800
33554432	 787
37748736	 878
41943040	 776
46137344	 843
50331648	 772
54525952	 774
58720256	 786
62914560	 798
67108864	 796
71303168	 785
75497472	 877
79691776	 789
83886080	 794
88080384	 791
92274688	 797
96468992	 1092
100663296	 797
104857600	 792
109051904	 779
113246208	 845
117440512	 776
121634816	 779
125829120	 779
130023424	 777
134217728	 800
138412032	 781
142606336	 805
146800640	 781
150994944	 787
155189248	 882
159383552	 799
163577856	 779
167772160	 778
171966464	 788
176160768	 777
180355072	 798
184549376	 789
188743680	 776
192937984	 871
197132288	 800
201326592	 796
205520896	 794
209715200	 779
213909504	 866
218103808	 781
222298112	 850
226492416	 806
230686720	 1075
234881024	 798
239075328	 787
243269632	 787
247463936	 801
251658240	 791
255852544	 785
260046848	 798
264241152	 801
0	 811
4194304	 258
8388608	 262
12582912	 264
16777216	 261
20971520	 261
25165824	 264
29360128	 262
33554432	 259
37748736	 262
41943040	 265
46137344	 262
50331648	 258
54525952	 259
58720256	 262
62914560	 265
67108864	 261
71303168	 265
75497472	 260
79691776	 259
83886080	 262
88080384	 262
92274688	 258
96468992	 261
100663296	 264
104857600	 265
109051904	 261
113246208	 259
117440512	 262
121634816	 262
125829120	 259
130023424	 261
134217728	 264
138412032	 261
142606336	 265
146800640	 262
150994944	 258
155189248	 257
159383552	 262
163577856	 265
167772160	 261
171966464	 259
176160768	 262
180355072	 264
184549376	 261
188743680	 261
192937984	 264
197132288	 262
201326592	 259
205520896	 263
209715200	 258
213909504	 260
218103808	 264
222298112	 264
226492416	 262
230686720	 259
234881024	 263
239075328	 261
243269632	 264
247463936	 262
251658240	 258
255852544	 259
260046848	 263
264241152	 264
0	 262
4194304	 259
8388608	 262
12582912	 264
16777216	 261
20971520	 261
25165824	 265
29360128	 261
33554432	 258
37748736	 261
41943040	 264
46137344	 263
50331648	 259
54525952	 258
58720256	 262
62914560	 266
67108864	 261
71303168	 264
75497472	 260
79691776	 259
83886080	 262
88080384	 262
92274688	 259
96468992	 261
100663296	 265
104857600	 264
109051904	 261
113246208	 259
117440512	 262
121634816	 262
125829120	 258
130023424	 261
134217728	 264
138412032	 261
142606336	 266
146800640	 262
150994944	 259
155189248	 258
159383552	 262
163577856	 264
167772160	 261
171966464	 258
176160768	 262
180355072	 265
184549376	 261
188743680	 261
192937984	 264
197132288	 262
201326592	 258
205520896	 263
209715200	 259
213909504	 260
218103808	 265
222298112	 264
226492416	 262
230686720	 259
234881024	 263
239075328	 261
243269632	 264
247463936	 262
251658240	 259
255852544	 258
260046848	 264
264241152	 264
0	 262
4194304	 259
8388608	 262
12582912	 264
16777216	 261
20971520	 261
25165824	 264
29360128	 261
33554432	 259
37748736	 260
41943040	 264
46137344	 262
50331648	 259
54525952	 258
58720256	 263
62914560	 265
67108864	 261
71303168	 264
75497472	 261
79691776	 258
83886080	 262
88080384	 261
92274688	 258
96468992	 261
100663296	 264
104857600	 264
109051904	 261
113246208	 259
117440512	 262
121634816	 262
125829120	 258
130023424	 260
134217728	 264
138412032	 261
142606336	 265
146800640	 261
150994944	 259
155189248	 259
159383552	 262
163577856	 265
167772160	 260
171966464	 258
176160768	 262
180355072	 265
184549376	 261
188743680	 261
192937984	 264
197132288	 262
201326592	 259
205520896	 263
209715200	 258
213909504	 261
218103808	 264
222298112	 264
226492416	 262
230686720	 259
234881024	 263
239075328	 261
243269632	 264
247463936	 261
251658240	 259
255852544	 259
260046848	 263
264241152	 266
0	 261
===============================================


=====1 GB array, cold cache miss, read 256 element====
Stride = 8388608 element, 33554432 bytes
8388608	 818
16777216	 799
25165824	 940
33554432	 826
41943040	 818
50331648	 870
58720256	 795
67108864	 821
75497472	 810
83886080	 815
92274688	 815
100663296	 1131
109051904	 816
117440512	 821
125829120	 798
134217728	 796
142606336	 803
150994944	 903
159383552	 818
167772160	 802
176160768	 835
184549376	 822
192937984	 917
201326592	 827
209715200	 818
218103808	 798
226492416	 818
234881024	 1110
243269632	 811
251658240	 823
260046848	 803
0	 820
8388608	 259
16777216	 264
25165824	 261
33554432	 262
41943040	 261
50331648	 262
58720256	 259
67108864	 265
75497472	 265
83886080	 259
92274688	 263
100663296	 261
109051904	 264
117440512	 259
125829120	 262
134217728	 261
142606336	 261
150994944	 262
159383552	 259
167772160	 265
176160768	 259
184549376	 264
192937984	 261
201326592	 263
209715200	 263
218103808	 261
226492416	 264
234881024	 259
243269632	 261
251658240	 262
260046848	 259
0	 264
8388608	 259
16777216	 265
25165824	 261
33554432	 264
41943040	 261
50331648	 262
58720256	 258
67108864	 265
75497472	 264
83886080	 259
92274688	 262
100663296	 261
109051904	 265
117440512	 258
125829120	 262
134217728	 261
142606336	 261
150994944	 262
159383552	 259
167772160	 264
176160768	 259
184549376	 264
192937984	 261
201326592	 262
209715200	 263
218103808	 261
226492416	 264
234881024	 259
243269632	 261
251658240	 263
260046848	 259
0	 265
8388608	 258
16777216	 265
25165824	 261
33554432	 263
41943040	 261
50331648	 262
58720256	 259
67108864	 265
75497472	 264
83886080	 259
92274688	 262
100663296	 261
109051904	 264
117440512	 259
125829120	 262
134217728	 261
142606336	 262
150994944	 262
159383552	 259
167772160	 264
176160768	 259
184549376	 264
192937984	 261
201326592	 262
209715200	 263
218103808	 261
226492416	 266
234881024	 260
243269632	 261
251658240	 262
260046848	 259
0	 265
8388608	 259
16777216	 264
25165824	 261
33554432	 263
41943040	 261
50331648	 262
58720256	 259
67108864	 266
75497472	 264
83886080	 259
92274688	 262
100663296	 262
109051904	 264
117440512	 259
125829120	 262
134217728	 261
142606336	 261
150994944	 262
159383552	 259
167772160	 265
176160768	 259
184549376	 264
192937984	 261
201326592	 263
209715200	 263
218103808	 261
226492416	 265
234881024	 259
243269632	 261
251658240	 262
260046848	 258
0	 264
8388608	 259
16777216	 264
25165824	 261
33554432	 262
41943040	 261
50331648	 263
58720256	 259
67108864	 266
75497472	 264
83886080	 259
92274688	 262
100663296	 262
109051904	 266
117440512	 260
125829120	 262
134217728	 261
142606336	 261
150994944	 262
159383552	 259
167772160	 264
176160768	 259
184549376	 265
192937984	 262
201326592	 263
209715200	 263
218103808	 261
226492416	 264
234881024	 259
243269632	 261
251658240	 263
260046848	 259
0	 264
8388608	 259
16777216	 264
25165824	 261
33554432	 262
41943040	 261
50331648	 262
58720256	 258
67108864	 266
75497472	 265
83886080	 259
92274688	 263
100663296	 261
109051904	 265
117440512	 259
125829120	 262
134217728	 261
142606336	 261
150994944	 262
159383552	 259
167772160	 266
176160768	 258
184549376	 264
192937984	 261
201326592	 262
209715200	 263
218103808	 261
226492416	 265
234881024	 260
243269632	 261
251658240	 262
260046848	 258
0	 266
8388608	 259
16777216	 265
25165824	 261
33554432	 263
41943040	 261
50331648	 263
58720256	 259
67108864	 266
75497472	 266
83886080	 259
92274688	 263
100663296	 262
109051904	 265
117440512	 258
125829120	 262
134217728	 261
142606336	 261
150994944	 262
159383552	 259
167772160	 265
176160768	 259
184549376	 264
192937984	 261
201326592	 262
209715200	 263
218103808	 261
226492416	 264
234881024	 259
243269632	 261
251658240	 263
260046848	 259
0	 265
===============================================


=====1 GB array, cold cache miss, read 256 element====
Stride = 16777216 element, 67108864 bytes
16777216	 792
33554432	 817
50331648	 813
67108864	 798
83886080	 808
100663296	 815
117440512	 1191
134217728	 802
150994944	 803
167772160	 819
184549376	 806
201326592	 805
218103808	 821
234881024	 820
251658240	 1122
0	 807
16777216	 248
33554432	 250
50331648	 250
67108864	 248
83886080	 253
100663296	 251
117440512	 253
134217728	 251
150994944	 250
167772160	 248
184549376	 248
201326592	 250
218103808	 253
234881024	 253
251658240	 250
0	 248
16777216	 248
33554432	 250
50331648	 250
67108864	 248
83886080	 254
100663296	 251
117440512	 253
134217728	 251
150994944	 250
167772160	 247
184549376	 247
201326592	 250
218103808	 253
234881024	 253
251658240	 250
0	 248
16777216	 248
33554432	 251
50331648	 251
67108864	 248
83886080	 254
100663296	 251
117440512	 253
134217728	 251
150994944	 250
167772160	 248
184549376	 248
201326592	 250
218103808	 252
234881024	 254
251658240	 250
0	 248
16777216	 248
33554432	 250
50331648	 250
67108864	 247
83886080	 253
100663296	 251
117440512	 253
134217728	 252
150994944	 250
167772160	 247
184549376	 248
201326592	 251
218103808	 252
234881024	 253
251658240	 251
0	 248
16777216	 248
33554432	 250
50331648	 250
67108864	 248
83886080	 254
100663296	 251
117440512	 253
134217728	 251
150994944	 250
167772160	 248
184549376	 248
201326592	 252
218103808	 252
234881024	 254
251658240	 251
0	 248
16777216	 248
33554432	 251
50331648	 250
67108864	 248
83886080	 253
100663296	 251
117440512	 253
134217728	 252
150994944	 250
167772160	 248
184549376	 248
201326592	 251
218103808	 252
234881024	 254
251658240	 250
0	 248
16777216	 248
33554432	 250
50331648	 250
67108864	 249
83886080	 253
100663296	 251
117440512	 253
134217728	 251
150994944	 250
167772160	 248
184549376	 248
201326592	 252
218103808	 252
234881024	 254
251658240	 250
0	 248
16777216	 247
33554432	 250
50331648	 250
67108864	 248
83886080	 254
100663296	 251
117440512	 253
134217728	 251
150994944	 249
167772160	 247
184549376	 248
201326592	 251
218103808	 253
234881024	 253
251658240	 250
0	 247
16777216	 249
33554432	 250
50331648	 250
67108864	 248
83886080	 254
100663296	 251
117440512	 253
134217728	 251
150994944	 250
167772160	 248
184549376	 248
201326592	 250
218103808	 252
234881024	 254
251658240	 251
0	 248
16777216	 249
33554432	 251
50331648	 251
67108864	 247
83886080	 254
100663296	 251
117440512	 254
134217728	 251
150994944	 250
167772160	 248
184549376	 248
201326592	 252
218103808	 253
234881024	 254
251658240	 250
0	 248
16777216	 248
33554432	 250
50331648	 249
67108864	 248
83886080	 254
100663296	 251
117440512	 253
134217728	 251
150994944	 250
167772160	 248
184549376	 248
201326592	 250
218103808	 253
234881024	 254
251658240	 250
0	 247
16777216	 247
33554432	 250
50331648	 250
67108864	 248
83886080	 254
100663296	 251
117440512	 253
134217728	 251
150994944	 250
167772160	 248
184549376	 248
201326592	 250
218103808	 253
234881024	 253
251658240	 250
0	 248
16777216	 248
33554432	 250
50331648	 250
67108864	 248
83886080	 254
100663296	 251
117440512	 254
134217728	 251
150994944	 250
167772160	 248
184549376	 248
201326592	 250
218103808	 253
234881024	 254
251658240	 250
0	 248
16777216	 247
33554432	 250
50331648	 250
67108864	 248
83886080	 254
100663296	 252
117440512	 254
134217728	 251
150994944	 250
167772160	 248
184549376	 248
201326592	 250
218103808	 252
234881024	 254
251658240	 251
0	 248
16777216	 248
33554432	 250
50331648	 250
67108864	 247
83886080	 254
100663296	 252
117440512	 254
134217728	 251
150994944	 250
167772160	 248
184549376	 248
201326592	 250
218103808	 253
234881024	 254
251658240	 250
0	 248
===============================================


=====1 GB array, cold cache miss, read 256 element====
Stride = 33554432 element, 134217728 bytes
33554432	 808
67108864	 882
100663296	 819
134217728	 1146
167772160	 815
201326592	 821
234881024	 951
0	 1139
33554432	 248
67108864	 251
100663296	 254
134217728	 253
167772160	 251
201326592	 249
234881024	 254
0	 250
33554432	 248
67108864	 250
100663296	 254
134217728	 253
167772160	 250
201326592	 248
234881024	 253
0	 252
33554432	 248
67108864	 250
100663296	 254
134217728	 254
167772160	 251
201326592	 248
234881024	 253
0	 251
33554432	 248
67108864	 251
100663296	 253
134217728	 255
167772160	 251
201326592	 248
234881024	 254
0	 251
33554432	 249
67108864	 251
100663296	 255
134217728	 254
167772160	 251
201326592	 249
234881024	 253
0	 250
33554432	 248
67108864	 250
100663296	 255
134217728	 254
167772160	 251
201326592	 249
234881024	 252
0	 250
33554432	 248
67108864	 251
100663296	 255
134217728	 254
167772160	 251
201326592	 248
234881024	 253
0	 250
33554432	 248
67108864	 251
100663296	 254
134217728	 255
167772160	 251
201326592	 248
234881024	 253
0	 251
33554432	 248
67108864	 251
100663296	 254
134217728	 254
167772160	 251
201326592	 247
234881024	 252
0	 250
33554432	 248
67108864	 251
100663296	 254
134217728	 254
167772160	 251
201326592	 248
234881024	 253
0	 251
33554432	 249
67108864	 251
100663296	 254
134217728	 253
167772160	 250
201326592	 248
234881024	 253
0	 252
33554432	 249
67108864	 251
100663296	 254
134217728	 254
167772160	 250
201326592	 248
234881024	 253
0	 251
33554432	 249
67108864	 251
100663296	 254
134217728	 254
167772160	 250
201326592	 249
234881024	 253
0	 251
33554432	 249
67108864	 250
100663296	 254
134217728	 254
167772160	 250
201326592	 249
234881024	 253
0	 251
33554432	 248
67108864	 251
100663296	 253
134217728	 253
167772160	 251
201326592	 249
234881024	 254
0	 251
33554432	 248
67108864	 251
100663296	 254
134217728	 254
167772160	 251
201326592	 249
234881024	 253
0	 251
33554432	 248
67108864	 250
100663296	 253
134217728	 255
167772160	 250
201326592	 249
234881024	 253
0	 250
33554432	 248
67108864	 250
100663296	 254
134217728	 256
167772160	 250
201326592	 248
234881024	 253
0	 250
33554432	 248
67108864	 251
100663296	 254
134217728	 254
167772160	 252
201326592	 248
234881024	 252
0	 250
33554432	 248
67108864	 251
100663296	 256
134217728	 254
167772160	 252
201326592	 248
234881024	 252
0	 250
33554432	 249
67108864	 250
100663296	 254
134217728	 255
167772160	 250
201326592	 248
234881024	 253
0	 251
33554432	 249
67108864	 252
100663296	 254
134217728	 254
167772160	 250
201326592	 248
234881024	 253
0	 250
33554432	 248
67108864	 251
100663296	 254
134217728	 254
167772160	 250
201326592	 249
234881024	 253
0	 251
33554432	 248
67108864	 251
100663296	 254
134217728	 254
167772160	 251
201326592	 248
234881024	 253
0	 251
33554432	 248
67108864	 250
100663296	 254
134217728	 254
167772160	 251
201326592	 248
234881024	 253
0	 252
33554432	 249
67108864	 251
100663296	 253
134217728	 254
167772160	 251
201326592	 249
234881024	 253
0	 252
33554432	 248
67108864	 251
100663296	 254
134217728	 254
167772160	 252
201326592	 249
234881024	 253
0	 251
33554432	 248
67108864	 250
100663296	 254
134217728	 254
167772160	 251
201326592	 249
234881024	 253
0	 251
33554432	 248
67108864	 251
100663296	 255
134217728	 254
167772160	 252
201326592	 249
234881024	 253
0	 251
33554432	 248
67108864	 251
100663296	 255
134217728	 255
167772160	 251
201326592	 248
234881024	 253
0	 250
33554432	 248
67108864	 252
100663296	 254
134217728	 255
167772160	 251
201326592	 248
234881024	 252
0	 250
===============================================


=====1 GB array, cold cache miss, read 256 element====
Stride = 67108864 element, 268435456 bytes
67108864	 807
134217728	 827
201326592	 1193
0	 835
67108864	 248
134217728	 254
201326592	 251
0	 253
67108864	 248
134217728	 254
201326592	 250
0	 253
67108864	 248
134217728	 254
201326592	 251
0	 253
67108864	 248
134217728	 253
201326592	 250
0	 252
67108864	 248
134217728	 254
201326592	 250
0	 253
67108864	 249
134217728	 253
201326592	 251
0	 254
67108864	 249
134217728	 255
201326592	 250
0	 252
67108864	 248
134217728	 253
201326592	 251
0	 253
67108864	 248
134217728	 255
201326592	 251
0	 253
67108864	 247
134217728	 254
201326592	 251
0	 253
67108864	 248
134217728	 253
201326592	 250
0	 252
67108864	 248
134217728	 253
201326592	 251
0	 253
67108864	 248
134217728	 253
201326592	 250
0	 252
67108864	 249
134217728	 254
201326592	 251
0	 253
67108864	 248
134217728	 255
201326592	 251
0	 252
67108864	 248
134217728	 254
201326592	 250
0	 253
67108864	 248
134217728	 255
201326592	 252
0	 253
67108864	 248
134217728	 254
201326592	 250
0	 253
67108864	 248
134217728	 253
201326592	 250
0	 253
67108864	 249
134217728	 254
201326592	 250
0	 253
67108864	 248
134217728	 254
201326592	 251
0	 253
67108864	 249
134217728	 253
201326592	 250
0	 252
67108864	 248
134217728	 255
201326592	 252
0	 255
67108864	 248
134217728	 254
201326592	 251
0	 252
67108864	 248
134217728	 254
201326592	 252
0	 254
67108864	 248
134217728	 254
201326592	 249
0	 252
67108864	 248
134217728	 254
201326592	 251
0	 253
67108864	 248
134217728	 255
201326592	 252
0	 254
67108864	 248
134217728	 255
201326592	 250
0	 252
67108864	 248
134217728	 253
201326592	 251
0	 253
67108864	 248
134217728	 254
201326592	 250
0	 253
67108864	 248
134217728	 254
201326592	 251
0	 253
67108864	 248
134217728	 254
201326592	 250
0	 254
67108864	 248
134217728	 255
201326592	 251
0	 253
67108864	 249
134217728	 254
201326592	 250
0	 254
67108864	 249
134217728	 255
201326592	 251
0	 253
67108864	 248
134217728	 254
201326592	 250
0	 253
67108864	 249
134217728	 255
201326592	 251
0	 252
67108864	 248
134217728	 255
201326592	 251
0	 254
67108864	 249
134217728	 254
201326592	 250
0	 253
67108864	 248
134217728	 255
201326592	 252
0	 254
67108864	 249
134217728	 254
201326592	 250
0	 253
67108864	 249
134217728	 254
201326592	 251
0	 253
67108864	 249
134217728	 254
201326592	 250
0	 253
67108864	 248
134217728	 254
201326592	 251
0	 253
67108864	 248
134217728	 253
201326592	 250
0	 253
67108864	 249
134217728	 255
201326592	 252
0	 254
67108864	 250
134217728	 254
201326592	 250
0	 253
67108864	 249
134217728	 256
201326592	 252
0	 254
67108864	 248
134217728	 255
201326592	 251
0	 253
67108864	 249
134217728	 254
201326592	 250
0	 253
67108864	 248
134217728	 255
201326592	 252
0	 254
67108864	 248
134217728	 254
201326592	 250
0	 253
67108864	 248
134217728	 254
201326592	 250
0	 253
67108864	 249
134217728	 254
201326592	 250
0	 252
67108864	 249
134217728	 255
201326592	 251
0	 253
67108864	 249
134217728	 254
201326592	 250
0	 252
67108864	 249
134217728	 255
201326592	 251
0	 253
67108864	 248
134217728	 254
201326592	 250
0	 252
67108864	 249
134217728	 255
201326592	 252
0	 253
67108864	 248
134217728	 254
201326592	 251
0	 253
67108864	 249
134217728	 254
201326592	 251
0	 252
67108864	 248
134217728	 253
201326592	 250
0	 253
===============================================


=====1 GB array, cold cache miss, read 256 element====
Stride = 134217728 element, 536870912 bytes
134217728	 823
0	 1083
134217728	 249
0	 251
134217728	 248
0	 251
134217728	 249
0	 251
134217728	 249
0	 252
134217728	 249
0	 251
134217728	 249
0	 252
134217728	 249
0	 252
134217728	 248
0	 251
134217728	 249
0	 251
134217728	 250
0	 251
134217728	 249
0	 251
134217728	 249
0	 252
134217728	 249
0	 251
134217728	 249
0	 251
134217728	 249
0	 251
134217728	 249
0	 251
134217728	 248
0	 251
134217728	 249
0	 251
134217728	 249
0	 251
134217728	 248
0	 251
134217728	 249
0	 252
134217728	 249
0	 252
134217728	 249
0	 251
134217728	 250
0	 252
134217728	 249
0	 251
134217728	 249
0	 251
134217728	 248
0	 251
134217728	 249
0	 251
134217728	 249
0	 251
134217728	 248
0	 253
134217728	 249
0	 251
134217728	 249
0	 251
134217728	 249
0	 251
134217728	 248
0	 251
134217728	 250
0	 252
134217728	 249
0	 252
134217728	 248
0	 251
134217728	 249
0	 251
134217728	 249
0	 251
134217728	 249
0	 252
134217728	 249
0	 251
134217728	 249
0	 251
134217728	 248
0	 251
134217728	 249
0	 251
134217728	 249
0	 252
134217728	 249
0	 251
134217728	 249
0	 251
134217728	 249
0	 251
134217728	 249
0	 251
134217728	 249
0	 251
134217728	 249
0	 251
134217728	 249
0	 252
134217728	 249
0	 251
134217728	 249
0	 251
134217728	 249
0	 251
134217728	 249
0	 252
134217728	 249
0	 251
134217728	 249
0	 251
134217728	 249
0	 251
134217728	 249
0	 252
134217728	 249
0	 251
134217728	 249
0	 251
134217728	 249
0	 251
134217728	 249
0	 251
134217728	 249
0	 252
134217728	 249
0	 252
134217728	 249
0	 251
134217728	 248
0	 251
134217728	 249
0	 251
134217728	 248
0	 251
134217728	 249
0	 251
134217728	 249
0	 251
134217728	 249
0	 252
134217728	 249
0	 251
134217728	 249
0	 250
134217728	 248
0	 251
134217728	 249
0	 252
134217728	 249
0	 251
134217728	 249
0	 251
134217728	 249
0	 251
134217728	 249
0	 252
134217728	 249
0	 251
134217728	 249
0	 251
134217728	 249
0	 251
134217728	 248
0	 253
134217728	 249
0	 251
134217728	 249
0	 251
134217728	 249
0	 251
134217728	 249
0	 252
134217728	 249
0	 251
134217728	 249
0	 251
134217728	 249
0	 251
134217728	 249
0	 251
134217728	 250
0	 251
134217728	 249
0	 252
134217728	 249
0	 251
134217728	 249
0	 252
134217728	 249
0	 251
134217728	 249
0	 252
134217728	 249
0	 251
134217728	 249
0	 251
134217728	 249
0	 251
134217728	 249
0	 251
134217728	 249
0	 251
134217728	 249
0	 251
134217728	 249
0	 251
134217728	 249
0	 251
134217728	 249
0	 252
134217728	 249
0	 252
134217728	 249
0	 251
134217728	 249
0	 251
134217728	 249
0	 252
134217728	 248
0	 253
134217728	 249
0	 251
134217728	 249
0	 251
134217728	 249
0	 251
134217728	 249
0	 251
134217728	 250
0	 251
134217728	 249
0	 251
134217728	 249
0	 251
134217728	 249
0	 252
134217728	 250
0	 251
134217728	 249
0	 251
134217728	 249
0	 252
134217728	 249
0	 251
134217728	 250
0	 252
134217728	 249
0	 252
===============================================

