
=====Visting the 96.000000 KB array, loop 4096*1 times======
      4097	 255.000000
      4098	  97.000000
      4099	  97.000000
      4100	  97.000000
      4101	  97.000000
      4102	  97.000000
      4103	  97.000000
      4104	  97.000000
      4105	 255.000000
      4106	  97.000000
      4107	  97.000000
      4108	  97.000000
      4109	  97.000000
      4110	  97.000000
      4111	  97.000000
      4112	  97.000000
      4113	 255.000000
      4114	  97.000000
      4115	  97.000000
      4116	  97.000000
      4117	  97.000000
      4118	  97.000000
      4119	  97.000000
      4120	  97.000000
      4121	 255.000000
      4122	  97.000000
      4123	  97.000000
      4124	  97.000000
      4125	  97.000000
      4126	  97.000000
      4127	  97.000000
      4128	  97.000000
      4129	 255.000000
      4130	  97.000000
      4131	  97.000000
      4132	  97.000000
      4133	  97.000000
      4134	  97.000000
      4135	  97.000000
      4136	  97.000000
      4137	 255.000000
      4138	  97.000000
      4139	  97.000000
      4140	  97.000000
      4141	  97.000000
      4142	  97.000000
      4143	  97.000000
      4144	  97.000000
      4145	 255.000000
      4146	  97.000000
      4147	  97.000000
      4148	  97.000000
      4149	  97.000000
      4150	  97.000000
      4151	  97.000000
      4152	  97.000000
      4153	 254.000000
      4154	  97.000000
      4155	  97.000000
      4156	  97.000000
      4157	  97.000000
      4158	  97.000000
      4159	  97.000000
      4160	  97.000000
      4161	 252.000000
      4162	  97.000000
      4163	  97.000000
      4164	  97.000000
      4165	  97.000000
      4166	  97.000000
      4167	  97.000000
      4168	  97.000000
      4169	 253.000000
      4170	  97.000000
      4171	  97.000000
      4172	  97.000000
      4173	  97.000000
      4174	  97.000000
      4175	  97.000000
      4176	  97.000000
      4177	 253.000000
      4178	  97.000000
      4179	  97.000000
      4180	  97.000000
      4181	  97.000000
      4182	  97.000000
      4183	  97.000000
      4184	  97.000000
      4185	 252.000000
      4186	  97.000000
      4187	  97.000000
      4188	  97.000000
      4189	  97.000000
      4190	  97.000000
      4191	  97.000000
      4192	  97.000000
      4193	 252.000000
      4194	  97.000000
      4195	  97.000000
      4196	  97.000000
      4197	  97.000000
      4198	  97.000000
      4199	  97.000000
      4200	  97.000000
      4201	 253.000000
      4202	  97.000000
      4203	  97.000000
      4204	  97.000000
      4205	  97.000000
      4206	  97.000000
      4207	  97.000000
      4208	  97.000000
      4209	 252.000000
      4210	  97.000000
      4211	  97.000000
      4212	  97.000000
      4213	  97.000000
      4214	  97.000000
      4215	  97.000000
      4216	  97.000000
      4217	 252.000000
      4218	  97.000000
      4219	  97.000000
      4220	  97.000000
      4221	  97.000000
      4222	  97.000000
      4223	  97.000000
      4224	  97.000000
      4225	 254.000000
      4226	  97.000000
      4227	  97.000000
      4228	  97.000000
      4229	  97.000000
      4230	  97.000000
      4231	  97.000000
      4232	  97.000000
      4233	 255.000000
      4234	  97.000000
      4235	  97.000000
      4236	  97.000000
      4237	  97.000000
      4238	  97.000000
      4239	  97.000000
      4240	  97.000000
      4241	 255.000000
      4242	  97.000000
      4243	  97.000000
      4244	  97.000000
      4245	  97.000000
      4246	  97.000000
      4247	  97.000000
      4248	  97.000000
      4249	 255.000000
      4250	  97.000000
      4251	  97.000000
      4252	  97.000000
      4253	  97.000000
      4254	  97.000000
      4255	  97.000000
      4256	  97.000000
      4257	 254.000000
      4258	  97.000000
      4259	  97.000000
      4260	  97.000000
      4261	  97.000000
      4262	  97.000000
      4263	  97.000000
      4264	  97.000000
      4265	 255.000000
      4266	  97.000000
      4267	  97.000000
      4268	  97.000000
      4269	  97.000000
      4270	  97.000000
      4271	  97.000000
      4272	  97.000000
      4273	 255.000000
      4274	  97.000000
      4275	  97.000000
      4276	  97.000000
      4277	  97.000000
      4278	  97.000000
      4279	  97.000000
      4280	  97.000000
      4281	 255.000000
      4282	  97.000000
      4283	  97.000000
      4284	  97.000000
      4285	  97.000000
      4286	  97.000000
      4287	  97.000000
      4288	  97.000000
      4289	 252.000000
      4290	  97.000000
      4291	  97.000000
      4292	  97.000000
      4293	  97.000000
      4294	  97.000000
      4295	  97.000000
      4296	  97.000000
      4297	 252.000000
      4298	  97.000000
      4299	  97.000000
      4300	  97.000000
      4301	  97.000000
      4302	  97.000000
      4303	  97.000000
      4304	  97.000000
      4305	 253.000000
      4306	  97.000000
      4307	  97.000000
      4308	  97.000000
      4309	  97.000000
      4310	  97.000000
      4311	  97.000000
      4312	  97.000000
      4313	 252.000000
      4314	  97.000000
      4315	  97.000000
      4316	  97.000000
      4317	  97.000000
      4318	  97.000000
      4319	  97.000000
      4320	  97.000000
      4321	 253.000000
      4322	  97.000000
      4323	  97.000000
      4324	  97.000000
      4325	  97.000000
      4326	  97.000000
      4327	  97.000000
      4328	  97.000000
      4329	 252.000000
      4330	  97.000000
      4331	  97.000000
      4332	  97.000000
      4333	  97.000000
      4334	  97.000000
      4335	  97.000000
      4336	  97.000000
      4337	 253.000000
      4338	  97.000000
      4339	  97.000000
      4340	  97.000000
      4341	  97.000000
      4342	  97.000000
      4343	  97.000000
      4344	  97.000000
      4345	 253.000000
      4346	  97.000000
      4347	  97.000000
      4348	  97.000000
      4349	  97.000000
      4350	  97.000000
      4351	  97.000000
      4352	  97.000000
      4353	 276.000000
      4354	  97.000000
      4355	  97.000000
      4356	  97.000000
      4357	  97.000000
      4358	  97.000000
      4359	  97.000000
      4360	  97.000000
      4361	 276.000000
      4362	  97.000000
      4363	  97.000000
      4364	  97.000000
      4365	  97.000000
      4366	  97.000000
      4367	  97.000000
      4368	  97.000000
      4369	 275.000000
      4370	  97.000000
      4371	  97.000000
      4372	  97.000000
      4373	  97.000000
      4374	  97.000000
      4375	  97.000000
      4376	  97.000000
      4377	 275.000000
      4378	  97.000000
      4379	  97.000000
      4380	  97.000000
      4381	  97.000000
      4382	  97.000000
      4383	  97.000000
      4384	  97.000000
      4385	 276.000000
      4386	  97.000000
      4387	  97.000000
      4388	  97.000000
      4389	  97.000000
      4390	  97.000000
      4391	  97.000000
      4392	  97.000000
      4393	 276.000000
      4394	  97.000000
      4395	  97.000000
      4396	  97.000000
      4397	  97.000000
      4398	  97.000000
      4399	  97.000000
      4400	  97.000000
      4401	 275.000000
      4402	  97.000000
      4403	  97.000000
      4404	  97.000000
      4405	  97.000000
      4406	  97.000000
      4407	  97.000000
      4408	  97.000000
      4409	 276.000000
      4410	  97.000000
      4411	  97.000000
      4412	  97.000000
      4413	  97.000000
      4414	  97.000000
      4415	  97.000000
      4416	  97.000000
      4417	 277.000000
      4418	  97.000000
      4419	  97.000000
      4420	  97.000000
      4421	  97.000000
      4422	  97.000000
      4423	  97.000000
      4424	  97.000000
      4425	 277.000000
      4426	  97.000000
      4427	  97.000000
      4428	  97.000000
      4429	  97.000000
      4430	  97.000000
      4431	  97.000000
      4432	  97.000000
      4433	 277.000000
      4434	  97.000000
      4435	  97.000000
      4436	  97.000000
      4437	  97.000000
      4438	  97.000000
      4439	  97.000000
      4440	  97.000000
      4441	 276.000000
      4442	  97.000000
      4443	  97.000000
      4444	  97.000000
      4445	  97.000000
      4446	  97.000000
      4447	  97.000000
      4448	  97.000000
      4449	 277.000000
      4450	  97.000000
      4451	  97.000000
      4452	  97.000000
      4453	  97.000000
      4454	  97.000000
      4455	  97.000000
      4456	  97.000000
      4457	 276.000000
      4458	  97.000000
      4459	  97.000000
      4460	  97.000000
      4461	  97.000000
      4462	  97.000000
      4463	  97.000000
      4464	  97.000000
      4465	 277.000000
      4466	  97.000000
      4467	  97.000000
      4468	  97.000000
      4469	  97.000000
      4470	  97.000000
      4471	  97.000000
      4472	  97.000000
      4473	 277.000000
      4474	  97.000000
      4475	  97.000000
      4476	  97.000000
      4477	  97.000000
      4478	  97.000000
      4479	  97.000000
      4480	  97.000000
      4481	 275.000000
      4482	  97.000000
      4483	  97.000000
      4484	  97.000000
      4485	  97.000000
      4486	  97.000000
      4487	  97.000000
      4488	  97.000000
      4489	 276.000000
      4490	  97.000000
      4491	  97.000000
      4492	  97.000000
      4493	  97.000000
      4494	  97.000000
      4495	  97.000000
      4496	  97.000000
      4497	 276.000000
      4498	  97.000000
      4499	  97.000000
      4500	  97.000000
      4501	  97.000000
      4502	  97.000000
      4503	  97.000000
      4504	  97.000000
      4505	 276.000000
      4506	  97.000000
      4507	  97.000000
      4508	  97.000000
      4509	  97.000000
      4510	  97.000000
      4511	  97.000000
      4512	  97.000000
      4513	 275.000000
      4514	  97.000000
      4515	  97.000000
      4516	  97.000000
      4517	  97.000000
      4518	  97.000000
      4519	  97.000000
      4520	  97.000000
      4521	 276.000000
      4522	  97.000000
      4523	  97.000000
      4524	  97.000000
      4525	  97.000000
      4526	  97.000000
      4527	  97.000000
      4528	  97.000000
      4529	 275.000000
      4530	  97.000000
      4531	  97.000000
      4532	  97.000000
      4533	  97.000000
      4534	  97.000000
      4535	  97.000000
      4536	  97.000000
      4537	 276.000000
      4538	  97.000000
      4539	  97.000000
      4540	  97.000000
      4541	  97.000000
      4542	  97.000000
      4543	  97.000000
      4544	  97.000000
      4545	 277.000000
      4546	  97.000000
      4547	  97.000000
      4548	  97.000000
      4549	  97.000000
      4550	  97.000000
      4551	  97.000000
      4552	  97.000000
      4553	 277.000000
      4554	  97.000000
      4555	  97.000000
      4556	  97.000000
      4557	  97.000000
      4558	  97.000000
      4559	  97.000000
      4560	  97.000000
      4561	 277.000000
      4562	  97.000000
      4563	  97.000000
      4564	  97.000000
      4565	  97.000000
      4566	  97.000000
      4567	  97.000000
      4568	  97.000000
      4569	 277.000000
      4570	  97.000000
      4571	  97.000000
      4572	  97.000000
      4573	  97.000000
      4574	  97.000000
      4575	  97.000000
      4576	  97.000000
      4577	 277.000000
      4578	  97.000000
      4579	  97.000000
      4580	  97.000000
      4581	  97.000000
      4582	  97.000000
      4583	  97.000000
      4584	  97.000000
      4585	 277.000000
      4586	  97.000000
      4587	  97.000000
      4588	  97.000000
      4589	  97.000000
      4590	  97.000000
      4591	  97.000000
      4592	  97.000000
      4593	 277.000000
      4594	  97.000000
      4595	  97.000000
      4596	  97.000000
      4597	  97.000000
      4598	  97.000000
      4599	  97.000000
      4600	  97.000000
      4601	 277.000000
      4602	  97.000000
      4603	  97.000000
      4604	  97.000000
      4605	  97.000000
      4606	  97.000000
      4607	  97.000000
      4608	  97.000000
      4609	 282.000000
      4610	  97.000000
      4611	  97.000000
      4612	  97.000000
      4613	  97.000000
      4614	  97.000000
      4615	  97.000000
      4616	  97.000000
      4617	 283.000000
      4618	  97.000000
      4619	  97.000000
      4620	  97.000000
      4621	  97.000000
      4622	  97.000000
      4623	  97.000000
      4624	  97.000000
      4625	 283.000000
      4626	  97.000000
      4627	  97.000000
      4628	  97.000000
      4629	  97.000000
      4630	  97.000000
      4631	  97.000000
      4632	  97.000000
      4633	 283.000000
      4634	  97.000000
      4635	  97.000000
      4636	  97.000000
      4637	  97.000000
      4638	  97.000000
      4639	  97.000000
      4640	  97.000000
      4641	 283.000000
      4642	  97.000000
      4643	  97.000000
      4644	  97.000000
      4645	  97.000000
      4646	  97.000000
      4647	  97.000000
      4648	  97.000000
      4649	 282.000000
      4650	  97.000000
      4651	  97.000000
      4652	  97.000000
      4653	  97.000000
      4654	  97.000000
      4655	  97.000000
      4656	  97.000000
      4657	 283.000000
      4658	  97.000000
      4659	  97.000000
      4660	  97.000000
      4661	  97.000000
      4662	  97.000000
      4663	  97.000000
      4664	  97.000000
      4665	 283.000000
      4666	  97.000000
      4667	  97.000000
      4668	  97.000000
      4669	  97.000000
      4670	  97.000000
      4671	  97.000000
      4672	  97.000000
      4673	 278.000000
      4674	  97.000000
      4675	  97.000000
      4676	  97.000000
      4677	  97.000000
      4678	  97.000000
      4679	  97.000000
      4680	  97.000000
      4681	 279.000000
      4682	  97.000000
      4683	  97.000000
      4684	  97.000000
      4685	  97.000000
      4686	  97.000000
      4687	  97.000000
      4688	  97.000000
      4689	 278.000000
      4690	  97.000000
      4691	  97.000000
      4692	  97.000000
      4693	  97.000000
      4694	  97.000000
      4695	  97.000000
      4696	  97.000000
      4697	 278.000000
      4698	  97.000000
      4699	  97.000000
      4700	  97.000000
      4701	  97.000000
      4702	  97.000000
      4703	  97.000000
      4704	  97.000000
      4705	 279.000000
      4706	  97.000000
      4707	  97.000000
      4708	  97.000000
      4709	  97.000000
      4710	  97.000000
      4711	  97.000000
      4712	  97.000000
      4713	 278.000000
      4714	  97.000000
      4715	  97.000000
      4716	  97.000000
      4717	  97.000000
      4718	  97.000000
      4719	  97.000000
      4720	  97.000000
      4721	 280.000000
      4722	  97.000000
      4723	  97.000000
      4724	  97.000000
      4725	  97.000000
      4726	  97.000000
      4727	  97.000000
      4728	  97.000000
      4729	 279.000000
      4730	  97.000000
      4731	  97.000000
      4732	  97.000000
      4733	  97.000000
      4734	  97.000000
      4735	  97.000000
      4736	  97.000000
      4737	 283.000000
      4738	  97.000000
      4739	  97.000000
      4740	  97.000000
      4741	  97.000000
      4742	  97.000000
      4743	  97.000000
      4744	  97.000000
      4745	 283.000000
      4746	  97.000000
      4747	  97.000000
      4748	  97.000000
      4749	  97.000000
      4750	  97.000000
      4751	  97.000000
      4752	  97.000000
      4753	 284.000000
      4754	  97.000000
      4755	  97.000000
      4756	  97.000000
      4757	  97.000000
      4758	  97.000000
      4759	  97.000000
      4760	  97.000000
      4761	 283.000000
      4762	  97.000000
      4763	  97.000000
      4764	  97.000000
      4765	  97.000000
      4766	  97.000000
      4767	  97.000000
      4768	  97.000000
      4769	 283.000000
      4770	  97.000000
      4771	  97.000000
      4772	  97.000000
      4773	  97.000000
      4774	  97.000000
      4775	  97.000000
      4776	  97.000000
      4777	 283.000000
      4778	  97.000000
      4779	  97.000000
      4780	  97.000000
      4781	  97.000000
      4782	  97.000000
      4783	  97.000000
      4784	  97.000000
      4785	 282.000000
      4786	  97.000000
      4787	  97.000000
      4788	  97.000000
      4789	  97.000000
      4790	  97.000000
      4791	  97.000000
      4792	  97.000000
      4793	 284.000000
      4794	  97.000000
      4795	  97.000000
      4796	  97.000000
      4797	  97.000000
      4798	  97.000000
      4799	  97.000000
      4800	  97.000000
      4801	 279.000000
      4802	  97.000000
      4803	  97.000000
      4804	  97.000000
      4805	  97.000000
      4806	  97.000000
      4807	  97.000000
      4808	  97.000000
      4809	 280.000000
      4810	  97.000000
      4811	  97.000000
      4812	  97.000000
      4813	  97.000000
      4814	  97.000000
      4815	  97.000000
      4816	  97.000000
      4817	 279.000000
      4818	  97.000000
      4819	  97.000000
      4820	  97.000000
      4821	  97.000000
      4822	  97.000000
      4823	  97.000000
      4824	  97.000000
      4825	 278.000000
      4826	  97.000000
      4827	  97.000000
      4828	  97.000000
      4829	  97.000000
      4830	  97.000000
      4831	  97.000000
      4832	  97.000000
      4833	 279.000000
      4834	  97.000000
      4835	  97.000000
      4836	  97.000000
      4837	  97.000000
      4838	  97.000000
      4839	  97.000000
      4840	  97.000000
      4841	 278.000000
      4842	  97.000000
      4843	  97.000000
      4844	  97.000000
      4845	  97.000000
      4846	  97.000000
      4847	  97.000000
      4848	  97.000000
      4849	 279.000000
      4850	  97.000000
      4851	  97.000000
      4852	  97.000000
      4853	  97.000000
      4854	  97.000000
      4855	  97.000000
      4856	  97.000000
      4857	 279.000000
      4858	  97.000000
      4859	  97.000000
      4860	  97.000000
      4861	  97.000000
      4862	  97.000000
      4863	  97.000000
      4864	  97.000000
      4865	 259.000000
      4866	  97.000000
      4867	  97.000000
      4868	  97.000000
      4869	  97.000000
      4870	  97.000000
      4871	  97.000000
      4872	  97.000000
      4873	 260.000000
      4874	  97.000000
      4875	  97.000000
      4876	  97.000000
      4877	  97.000000
      4878	  97.000000
      4879	  97.000000
      4880	  97.000000
      4881	 260.000000
      4882	  97.000000
      4883	  97.000000
      4884	  97.000000
      4885	  97.000000
      4886	  97.000000
      4887	  97.000000
      4888	  97.000000
      4889	 260.000000
      4890	  97.000000
      4891	  97.000000
      4892	  97.000000
      4893	  97.000000
      4894	  97.000000
      4895	  97.000000
      4896	  97.000000
      4897	 261.000000
      4898	  97.000000
      4899	  97.000000
      4900	  97.000000
      4901	  97.000000
      4902	  97.000000
      4903	  97.000000
      4904	  97.000000
      4905	 261.000000
      4906	  97.000000
      4907	  97.000000
      4908	  97.000000
      4909	  97.000000
      4910	  97.000000
      4911	  97.000000
      4912	  97.000000
      4913	 260.000000
      4914	  97.000000
      4915	  97.000000
      4916	  97.000000
      4917	  97.000000
      4918	  97.000000
      4919	  97.000000
      4920	  97.000000
      4921	 260.000000
      4922	  97.000000
      4923	  97.000000
      4924	  97.000000
      4925	  97.000000
      4926	  97.000000
      4927	  97.000000
      4928	  97.000000
      4929	 264.000000
      4930	  97.000000
      4931	  97.000000
      4932	  97.000000
      4933	  97.000000
      4934	  97.000000
      4935	  97.000000
      4936	  97.000000
      4937	 264.000000
      4938	  97.000000
      4939	  97.000000
      4940	  97.000000
      4941	  97.000000
      4942	  97.000000
      4943	  97.000000
      4944	  97.000000
      4945	 264.000000
      4946	  97.000000
      4947	  97.000000
      4948	  97.000000
      4949	  97.000000
      4950	  97.000000
      4951	  97.000000
      4952	  97.000000
      4953	 264.000000
      4954	  97.000000
      4955	  97.000000
      4956	  97.000000
      4957	  97.000000
      4958	  97.000000
      4959	  97.000000
      4960	  97.000000
      4961	 264.000000
      4962	  97.000000
      4963	  97.000000
      4964	  97.000000
      4965	  97.000000
      4966	  97.000000
      4967	  97.000000
      4968	  97.000000
      4969	 263.000000
      4970	  97.000000
      4971	  97.000000
      4972	  97.000000
      4973	  97.000000
      4974	  97.000000
      4975	  97.000000
      4976	  97.000000
      4977	 264.000000
      4978	  97.000000
      4979	  97.000000
      4980	  97.000000
      4981	  97.000000
      4982	  97.000000
      4983	  97.000000
      4984	  97.000000
      4985	 264.000000
      4986	  97.000000
      4987	  97.000000
      4988	  97.000000
      4989	  97.000000
      4990	  97.000000
      4991	  97.000000
      4992	  97.000000
      4993	 260.000000
      4994	  97.000000
      4995	  97.000000
      4996	  97.000000
      4997	  97.000000
      4998	  97.000000
      4999	  97.000000
      5000	  97.000000
      5001	 260.000000
      5002	  97.000000
      5003	  97.000000
      5004	  97.000000
      5005	  97.000000
      5006	  97.000000
      5007	  97.000000
      5008	  97.000000
      5009	 260.000000
      5010	  97.000000
      5011	  97.000000
      5012	  97.000000
      5013	  97.000000
      5014	  97.000000
      5015	  97.000000
      5016	  97.000000
      5017	 261.000000
      5018	  97.000000
      5019	  97.000000
      5020	  97.000000
      5021	  97.000000
      5022	  97.000000
      5023	  97.000000
      5024	  97.000000
      5025	 260.000000
      5026	  97.000000
      5027	  97.000000
      5028	  97.000000
      5029	  97.000000
      5030	  97.000000
      5031	  97.000000
      5032	  97.000000
      5033	 260.000000
      5034	  97.000000
      5035	  97.000000
      5036	  97.000000
      5037	  97.000000
      5038	  97.000000
      5039	  97.000000
      5040	  97.000000
      5041	 259.000000
      5042	  97.000000
      5043	  97.000000
      5044	  97.000000
      5045	  97.000000
      5046	  97.000000
      5047	  97.000000
      5048	  97.000000
      5049	 260.000000
      5050	  97.000000
      5051	  97.000000
      5052	  97.000000
      5053	  97.000000
      5054	  97.000000
      5055	  97.000000
      5056	  97.000000
      5057	 265.000000
      5058	  97.000000
      5059	  97.000000
      5060	  97.000000
      5061	  97.000000
      5062	  97.000000
      5063	  97.000000
      5064	  97.000000
      5065	 264.000000
      5066	  97.000000
      5067	  97.000000
      5068	  97.000000
      5069	  97.000000
      5070	  97.000000
      5071	  97.000000
      5072	  97.000000
      5073	 264.000000
      5074	  97.000000
      5075	  97.000000
      5076	  97.000000
      5077	  97.000000
      5078	  97.000000
      5079	  97.000000
      5080	  97.000000
      5081	 265.000000
      5082	  97.000000
      5083	  97.000000
      5084	  97.000000
      5085	  97.000000
      5086	  97.000000
      5087	  97.000000
      5088	  97.000000
      5089	 265.000000
      5090	  97.000000
      5091	  97.000000
      5092	  97.000000
      5093	  97.000000
      5094	  97.000000
      5095	  97.000000
      5096	  97.000000
      5097	 264.000000
      5098	  97.000000
      5099	  97.000000
      5100	  97.000000
      5101	  97.000000
      5102	  97.000000
      5103	  97.000000
      5104	  97.000000
      5105	 264.000000
      5106	  97.000000
      5107	  97.000000
      5108	  97.000000
      5109	  97.000000
      5110	  97.000000
      5111	  97.000000
      5112	  97.000000
      5113	 264.000000
      5114	  97.000000
      5115	  97.000000
      5116	  97.000000
      5117	  97.000000
      5118	  97.000000
      5119	  97.000000
      5120	  97.000000
      5121	 251.000000
      5122	  97.000000
      5123	  97.000000
      5124	  97.000000
      5125	  97.000000
      5126	  97.000000
      5127	  97.000000
      5128	  97.000000
      5129	 251.000000
      5130	  97.000000
      5131	  97.000000
      5132	  97.000000
      5133	  97.000000
      5134	  97.000000
      5135	  97.000000
      5136	  97.000000
      5137	 251.000000
      5138	  97.000000
      5139	  97.000000
      5140	  97.000000
      5141	  97.000000
      5142	  97.000000
      5143	  97.000000
      5144	  97.000000
      5145	 251.000000
      5146	  97.000000
      5147	  97.000000
      5148	  97.000000
      5149	  97.000000
      5150	  97.000000
      5151	  97.000000
      5152	  97.000000
      5153	 251.000000
      5154	  97.000000
      5155	  97.000000
      5156	  97.000000
      5157	  97.000000
      5158	  97.000000
      5159	  97.000000
      5160	  97.000000
      5161	 250.000000
      5162	  97.000000
      5163	  97.000000
      5164	  97.000000
      5165	  97.000000
      5166	  97.000000
      5167	  97.000000
      5168	  97.000000
      5169	 251.000000
      5170	  97.000000
      5171	  97.000000
      5172	  97.000000
      5173	  97.000000
      5174	  97.000000
      5175	  97.000000
      5176	  97.000000
      5177	 250.000000
      5178	  97.000000
      5179	  97.000000
      5180	  97.000000
      5181	  97.000000
      5182	  97.000000
      5183	  97.000000
      5184	  97.000000
      5185	 258.000000
      5186	  97.000000
      5187	  97.000000
      5188	  97.000000
      5189	  97.000000
      5190	  97.000000
      5191	  97.000000
      5192	  97.000000
      5193	 259.000000
      5194	  97.000000
      5195	  97.000000
      5196	  97.000000
      5197	  97.000000
      5198	  97.000000
      5199	  97.000000
      5200	  97.000000
      5201	 259.000000
      5202	  97.000000
      5203	  97.000000
      5204	  97.000000
      5205	  97.000000
      5206	  97.000000
      5207	  97.000000
      5208	  97.000000
      5209	 258.000000
      5210	  97.000000
      5211	  97.000000
      5212	  97.000000
      5213	  97.000000
      5214	  97.000000
      5215	  97.000000
      5216	  97.000000
      5217	 259.000000
      5218	  97.000000
      5219	  97.000000
      5220	  97.000000
      5221	  97.000000
      5222	  97.000000
      5223	  97.000000
      5224	  97.000000
      5225	 259.000000
      5226	  97.000000
      5227	  97.000000
      5228	  97.000000
      5229	  97.000000
      5230	  97.000000
      5231	  97.000000
      5232	  97.000000
      5233	 258.000000
      5234	  97.000000
      5235	  97.000000
      5236	  97.000000
      5237	  97.000000
      5238	  97.000000
      5239	  97.000000
      5240	  97.000000
      5241	 260.000000
      5242	  97.000000
      5243	  97.000000
      5244	  97.000000
      5245	  97.000000
      5246	  97.000000
      5247	  97.000000
      5248	  97.000000
      5249	 250.000000
      5250	  97.000000
      5251	  97.000000
      5252	  97.000000
      5253	  97.000000
      5254	  97.000000
      5255	  97.000000
      5256	  97.000000
      5257	 251.000000
      5258	  97.000000
      5259	  97.000000
      5260	  97.000000
      5261	  97.000000
      5262	  97.000000
      5263	  97.000000
      5264	  97.000000
      5265	 250.000000
      5266	  97.000000
      5267	  97.000000
      5268	  97.000000
      5269	  97.000000
      5270	  97.000000
      5271	  97.000000
      5272	  97.000000
      5273	 251.000000
      5274	  97.000000
      5275	  97.000000
      5276	  97.000000
      5277	  97.000000
      5278	  97.000000
      5279	  97.000000
      5280	  97.000000
      5281	 250.000000
      5282	  97.000000
      5283	  97.000000
      5284	  97.000000
      5285	  97.000000
      5286	  97.000000
      5287	  97.000000
      5288	  97.000000
      5289	 251.000000
      5290	  97.000000
      5291	  97.000000
      5292	  97.000000
      5293	  97.000000
      5294	  97.000000
      5295	  97.000000
      5296	  97.000000
      5297	 251.000000
      5298	  97.000000
      5299	  97.000000
      5300	  97.000000
      5301	  97.000000
      5302	  97.000000
      5303	  97.000000
      5304	  97.000000
      5305	 251.000000
      5306	  97.000000
      5307	  97.000000
      5308	  97.000000
      5309	  97.000000
      5310	  97.000000
      5311	  97.000000
      5312	  97.000000
      5313	 259.000000
      5314	  97.000000
      5315	  97.000000
      5316	  97.000000
      5317	  97.000000
      5318	  97.000000
      5319	  97.000000
      5320	  97.000000
      5321	 258.000000
      5322	  97.000000
      5323	  97.000000
      5324	  97.000000
      5325	  97.000000
      5326	  97.000000
      5327	  97.000000
      5328	  97.000000
      5329	 259.000000
      5330	  97.000000
      5331	  97.000000
      5332	  97.000000
      5333	  97.000000
      5334	  97.000000
      5335	  97.000000
      5336	  97.000000
      5337	 258.000000
      5338	  97.000000
      5339	  97.000000
      5340	  97.000000
      5341	  97.000000
      5342	  97.000000
      5343	  97.000000
      5344	  97.000000
      5345	 259.000000
      5346	  97.000000
      5347	  97.000000
      5348	  97.000000
      5349	  97.000000
      5350	  97.000000
      5351	  97.000000
      5352	  97.000000
      5353	 259.000000
      5354	  97.000000
      5355	  97.000000
      5356	  97.000000
      5357	  97.000000
      5358	  97.000000
      5359	  97.000000
      5360	  97.000000
      5361	 259.000000
      5362	  97.000000
      5363	  97.000000
      5364	  97.000000
      5365	  97.000000
      5366	  97.000000
      5367	  97.000000
      5368	  97.000000
      5369	 258.000000
      5370	  97.000000
      5371	  97.000000
      5372	  97.000000
      5373	  97.000000
      5374	  97.000000
      5375	  97.000000
      5376	  97.000000
      5377	 280.000000
      5378	  97.000000
      5379	  97.000000
      5380	  97.000000
      5381	  97.000000
      5382	  97.000000
      5383	  97.000000
      5384	  97.000000
      5385	 280.000000
      5386	  97.000000
      5387	  97.000000
      5388	  97.000000
      5389	  97.000000
      5390	  97.000000
      5391	  97.000000
      5392	  97.000000
      5393	 280.000000
      5394	  97.000000
      5395	  97.000000
      5396	  97.000000
      5397	  97.000000
      5398	  97.000000
      5399	  97.000000
      5400	  97.000000
      5401	 280.000000
      5402	  97.000000
      5403	  97.000000
      5404	  97.000000
      5405	  97.000000
      5406	  97.000000
      5407	  97.000000
      5408	  97.000000
      5409	 280.000000
      5410	  97.000000
      5411	  97.000000
      5412	  97.000000
      5413	  97.000000
      5414	  97.000000
      5415	  97.000000
      5416	  97.000000
      5417	 280.000000
      5418	  97.000000
      5419	  97.000000
      5420	  97.000000
      5421	  97.000000
      5422	  97.000000
      5423	  97.000000
      5424	  97.000000
      5425	 280.000000
      5426	  97.000000
      5427	  97.000000
      5428	  97.000000
      5429	  97.000000
      5430	  97.000000
      5431	  97.000000
      5432	  97.000000
      5433	 279.000000
      5434	  97.000000
      5435	  97.000000
      5436	  97.000000
      5437	  97.000000
      5438	  97.000000
      5439	  97.000000
      5440	  97.000000
      5441	 272.000000
      5442	  97.000000
      5443	  97.000000
      5444	  97.000000
      5445	  97.000000
      5446	  97.000000
      5447	  97.000000
      5448	  97.000000
      5449	 272.000000
      5450	  97.000000
      5451	  97.000000
      5452	  97.000000
      5453	  97.000000
      5454	  97.000000
      5455	  97.000000
      5456	  97.000000
      5457	 273.000000
      5458	  97.000000
      5459	  97.000000
      5460	  97.000000
      5461	  97.000000
      5462	  97.000000
      5463	  97.000000
      5464	  97.000000
      5465	 272.000000
      5466	  97.000000
      5467	  97.000000
      5468	  97.000000
      5469	  97.000000
      5470	  97.000000
      5471	  97.000000
      5472	  97.000000
      5473	 272.000000
      5474	  97.000000
      5475	  97.000000
      5476	  97.000000
      5477	  97.000000
      5478	  97.000000
      5479	  97.000000
      5480	  97.000000
      5481	 272.000000
      5482	  97.000000
      5483	  97.000000
      5484	  97.000000
      5485	  97.000000
      5486	  97.000000
      5487	  97.000000
      5488	  97.000000
      5489	 273.000000
      5490	  97.000000
      5491	  97.000000
      5492	  97.000000
      5493	  97.000000
      5494	  97.000000
      5495	  97.000000
      5496	  97.000000
      5497	 272.000000
      5498	  97.000000
      5499	  97.000000
      5500	  97.000000
      5501	  97.000000
      5502	  97.000000
      5503	  97.000000
      5504	  97.000000
      5505	 280.000000
      5506	  97.000000
      5507	  97.000000
      5508	  97.000000
      5509	  97.000000
      5510	  97.000000
      5511	  97.000000
      5512	  97.000000
      5513	 280.000000
      5514	  97.000000
      5515	  97.000000
      5516	  97.000000
      5517	  97.000000
      5518	  97.000000
      5519	  97.000000
      5520	  97.000000
      5521	 280.000000
      5522	  97.000000
      5523	  97.000000
      5524	  97.000000
      5525	  97.000000
      5526	  97.000000
      5527	  97.000000
      5528	  97.000000
      5529	 280.000000
      5530	  97.000000
      5531	  97.000000
      5532	  97.000000
      5533	  97.000000
      5534	  97.000000
      5535	  97.000000
      5536	  97.000000
      5537	 279.000000
      5538	  97.000000
      5539	  97.000000
      5540	  97.000000
      5541	  97.000000
      5542	  97.000000
      5543	  97.000000
      5544	  97.000000
      5545	 280.000000
      5546	  97.000000
      5547	  97.000000
      5548	  97.000000
      5549	  97.000000
      5550	  97.000000
      5551	  97.000000
      5552	  97.000000
      5553	 279.000000
      5554	  97.000000
      5555	  97.000000
      5556	  97.000000
      5557	  97.000000
      5558	  97.000000
      5559	  97.000000
      5560	  97.000000
      5561	 280.000000
      5562	  97.000000
      5563	  97.000000
      5564	  97.000000
      5565	  97.000000
      5566	  97.000000
      5567	  97.000000
      5568	  97.000000
      5569	 273.000000
      5570	  97.000000
      5571	  97.000000
      5572	  97.000000
      5573	  97.000000
      5574	  97.000000
      5575	  97.000000
      5576	  97.000000
      5577	 272.000000
      5578	  97.000000
      5579	  97.000000
      5580	  97.000000
      5581	  97.000000
      5582	  97.000000
      5583	  97.000000
      5584	  97.000000
      5585	 273.000000
      5586	  97.000000
      5587	  97.000000
      5588	  97.000000
      5589	  97.000000
      5590	  97.000000
      5591	  97.000000
      5592	  97.000000
      5593	 272.000000
      5594	  97.000000
      5595	  97.000000
      5596	  97.000000
      5597	  97.000000
      5598	  97.000000
      5599	  97.000000
      5600	  97.000000
      5601	 273.000000
      5602	  97.000000
      5603	  97.000000
      5604	  97.000000
      5605	  97.000000
      5606	  97.000000
      5607	  97.000000
      5608	  97.000000
      5609	 273.000000
      5610	  97.000000
      5611	  97.000000
      5612	  97.000000
      5613	  97.000000
      5614	  97.000000
      5615	  97.000000
      5616	  97.000000
      5617	 272.000000
      5618	  97.000000
      5619	  97.000000
      5620	  97.000000
      5621	  97.000000
      5622	  97.000000
      5623	  97.000000
      5624	  97.000000
      5625	 272.000000
      5626	  97.000000
      5627	  97.000000
      5628	  97.000000
      5629	  97.000000
      5630	  97.000000
      5631	  97.000000
      5632	  97.000000
      5633	 283.000000
      5634	  97.000000
      5635	  97.000000
      5636	  97.000000
      5637	  97.000000
      5638	  97.000000
      5639	  97.000000
      5640	  97.000000
      5641	 283.000000
      5642	  97.000000
      5643	  97.000000
      5644	  97.000000
      5645	  97.000000
      5646	  97.000000
      5647	  97.000000
      5648	  97.000000
      5649	 283.000000
      5650	 158.000000
      5651	  97.000000
      5652	  97.000000
      5653	  97.000000
      5654	  97.000000
      5655	  97.000000
      5656	  97.000000
      5657	 282.000000
      5658	  97.000000
      5659	  97.000000
      5660	  97.000000
      5661	  97.000000
      5662	  97.000000
      5663	  97.000000
      5664	  97.000000
      5665	 283.000000
      5666	  97.000000
      5667	  97.000000
      5668	  97.000000
      5669	  97.000000
      5670	  97.000000
      5671	  97.000000
      5672	  97.000000
      5673	 283.000000
      5674	  97.000000
      5675	  97.000000
      5676	  97.000000
      5677	  97.000000
      5678	  97.000000
      5679	  97.000000
      5680	  97.000000
      5681	 284.000000
      5682	  97.000000
      5683	  97.000000
      5684	  97.000000
      5685	  97.000000
      5686	  97.000000
      5687	  97.000000
      5688	  97.000000
      5689	 283.000000
      5690	  97.000000
      5691	  97.000000
      5692	  97.000000
      5693	  97.000000
      5694	  97.000000
      5695	  97.000000
      5696	  97.000000
      5697	 285.000000
      5698	  97.000000
      5699	  97.000000
      5700	  97.000000
      5701	  97.000000
      5702	  97.000000
      5703	  97.000000
      5704	  97.000000
      5705	 286.000000
      5706	  97.000000
      5707	  97.000000
      5708	  97.000000
      5709	  97.000000
      5710	  97.000000
      5711	  97.000000
      5712	  97.000000
      5713	 286.000000
      5714	  97.000000
      5715	  97.000000
      5716	  97.000000
      5717	  97.000000
      5718	  97.000000
      5719	  97.000000
      5720	  97.000000
      5721	 285.000000
      5722	  97.000000
      5723	  97.000000
      5724	  97.000000
      5725	  97.000000
      5726	  97.000000
      5727	  97.000000
      5728	  97.000000
      5729	 285.000000
      5730	  97.000000
      5731	  97.000000
      5732	  97.000000
      5733	  97.000000
      5734	  97.000000
      5735	  97.000000
      5736	  97.000000
      5737	 285.000000
      5738	  97.000000
      5739	  97.000000
      5740	  97.000000
      5741	  97.000000
      5742	  97.000000
      5743	  97.000000
      5744	  97.000000
      5745	 285.000000
      5746	  97.000000
      5747	  97.000000
      5748	  97.000000
      5749	  97.000000
      5750	  97.000000
      5751	  97.000000
      5752	  97.000000
      5753	 285.000000
      5754	  97.000000
      5755	  97.000000
      5756	  97.000000
      5757	  97.000000
      5758	  97.000000
      5759	  97.000000
      5760	  97.000000
      5761	 283.000000
      5762	  97.000000
      5763	  97.000000
      5764	  97.000000
      5765	  97.000000
      5766	  97.000000
      5767	  97.000000
      5768	  97.000000
      5769	 284.000000
      5770	  97.000000
      5771	  97.000000
      5772	  97.000000
      5773	  97.000000
      5774	  97.000000
      5775	  97.000000
      5776	  97.000000
      5777	 283.000000
      5778	  97.000000
      5779	  97.000000
      5780	  97.000000
      5781	  97.000000
      5782	  97.000000
      5783	  97.000000
      5784	  97.000000
      5785	 283.000000
      5786	  97.000000
      5787	  97.000000
      5788	  97.000000
      5789	  97.000000
      5790	  97.000000
      5791	  97.000000
      5792	  97.000000
      5793	 283.000000
      5794	  97.000000
      5795	  97.000000
      5796	  97.000000
      5797	  97.000000
      5798	  97.000000
      5799	  97.000000
      5800	  97.000000
      5801	 283.000000
      5802	  97.000000
      5803	  97.000000
      5804	  97.000000
      5805	  97.000000
      5806	  97.000000
      5807	  97.000000
      5808	  97.000000
      5809	 283.000000
      5810	  97.000000
      5811	  97.000000
      5812	  97.000000
      5813	  97.000000
      5814	  97.000000
      5815	  97.000000
      5816	  97.000000
      5817	 283.000000
      5818	  97.000000
      5819	  97.000000
      5820	  97.000000
      5821	  97.000000
      5822	  97.000000
      5823	  97.000000
      5824	  97.000000
      5825	 285.000000
      5826	  97.000000
      5827	  97.000000
      5828	  97.000000
      5829	  97.000000
      5830	  97.000000
      5831	  97.000000
      5832	  97.000000
      5833	 285.000000
      5834	  97.000000
      5835	  97.000000
      5836	  97.000000
      5837	  97.000000
      5838	  97.000000
      5839	  97.000000
      5840	  97.000000
      5841	 285.000000
      5842	  97.000000
      5843	  97.000000
      5844	  97.000000
      5845	  97.000000
      5846	  97.000000
      5847	  97.000000
      5848	  97.000000
      5849	 286.000000
      5850	  97.000000
      5851	  97.000000
      5852	  97.000000
      5853	  97.000000
      5854	  97.000000
      5855	  97.000000
      5856	  97.000000
      5857	 285.000000
      5858	  97.000000
      5859	  97.000000
      5860	  97.000000
      5861	  97.000000
      5862	  97.000000
      5863	  97.000000
      5864	  97.000000
      5865	 285.000000
      5866	  97.000000
      5867	  97.000000
      5868	  97.000000
      5869	  97.000000
      5870	  97.000000
      5871	  97.000000
      5872	  97.000000
      5873	 286.000000
      5874	  97.000000
      5875	  97.000000
      5876	  97.000000
      5877	  97.000000
      5878	  97.000000
      5879	  97.000000
      5880	  97.000000
      5881	 286.000000
      5882	  97.000000
      5883	  97.000000
      5884	  97.000000
      5885	  97.000000
      5886	  97.000000
      5887	  97.000000
      5888	  97.000000
      5889	 262.000000
      5890	  97.000000
      5891	  97.000000
      5892	  97.000000
      5893	  97.000000
      5894	  97.000000
      5895	  97.000000
      5896	  97.000000
      5897	 263.000000
      5898	  97.000000
      5899	  97.000000
      5900	  97.000000
      5901	  97.000000
      5902	  97.000000
      5903	  97.000000
      5904	  97.000000
      5905	 263.000000
      5906	  97.000000
      5907	  97.000000
      5908	  97.000000
      5909	  97.000000
      5910	  97.000000
      5911	  97.000000
      5912	  97.000000
      5913	 262.000000
      5914	  97.000000
      5915	  97.000000
      5916	  97.000000
      5917	  97.000000
      5918	  97.000000
      5919	  97.000000
      5920	  97.000000
      5921	 262.000000
      5922	  97.000000
      5923	  97.000000
      5924	  97.000000
      5925	  97.000000
      5926	  97.000000
      5927	  97.000000
      5928	  97.000000
      5929	 262.000000
      5930	  97.000000
      5931	  97.000000
      5932	  97.000000
      5933	  97.000000
      5934	  97.000000
      5935	  97.000000
      5936	  97.000000
      5937	 262.000000
      5938	  97.000000
      5939	  97.000000
      5940	  97.000000
      5941	  97.000000
      5942	  97.000000
      5943	  97.000000
      5944	  97.000000
      5945	 262.000000
      5946	  97.000000
      5947	  97.000000
      5948	  97.000000
      5949	  97.000000
      5950	  97.000000
      5951	  97.000000
      5952	  97.000000
      5953	 259.000000
      5954	  97.000000
      5955	  97.000000
      5956	  97.000000
      5957	  97.000000
      5958	  97.000000
      5959	  97.000000
      5960	  97.000000
      5961	 259.000000
      5962	  97.000000
      5963	  97.000000
      5964	  97.000000
      5965	  97.000000
      5966	  97.000000
      5967	  97.000000
      5968	  97.000000
      5969	 259.000000
      5970	  97.000000
      5971	  97.000000
      5972	  97.000000
      5973	  97.000000
      5974	  97.000000
      5975	  97.000000
      5976	  97.000000
      5977	 259.000000
      5978	  97.000000
      5979	  97.000000
      5980	  97.000000
      5981	  97.000000
      5982	  97.000000
      5983	  97.000000
      5984	  97.000000
      5985	 259.000000
      5986	  97.000000
      5987	  97.000000
      5988	  97.000000
      5989	  97.000000
      5990	  97.000000
      5991	  97.000000
      5992	  97.000000
      5993	 259.000000
      5994	  97.000000
      5995	  97.000000
      5996	  97.000000
      5997	  97.000000
      5998	  97.000000
      5999	  97.000000
      6000	  97.000000
      6001	 260.000000
      6002	  97.000000
      6003	  97.000000
      6004	  97.000000
      6005	  97.000000
      6006	  97.000000
      6007	  97.000000
      6008	  97.000000
      6009	 259.000000
      6010	  97.000000
      6011	  97.000000
      6012	  97.000000
      6013	  97.000000
      6014	  97.000000
      6015	  97.000000
      6016	  97.000000
      6017	 262.000000
      6018	  97.000000
      6019	  97.000000
      6020	  97.000000
      6021	  97.000000
      6022	  97.000000
      6023	  97.000000
      6024	  97.000000
      6025	 262.000000
      6026	  97.000000
      6027	  97.000000
      6028	  97.000000
      6029	  97.000000
      6030	  97.000000
      6031	  97.000000
      6032	  97.000000
      6033	 262.000000
      6034	  97.000000
      6035	  97.000000
      6036	  97.000000
      6037	  97.000000
      6038	  97.000000
      6039	  97.000000
      6040	  97.000000
      6041	 262.000000
      6042	  97.000000
      6043	  97.000000
      6044	  97.000000
      6045	  97.000000
      6046	  97.000000
      6047	  97.000000
      6048	  97.000000
      6049	 262.000000
      6050	  97.000000
      6051	  97.000000
      6052	  97.000000
      6053	  97.000000
      6054	  97.000000
      6055	  97.000000
      6056	  97.000000
      6057	 261.000000
      6058	  97.000000
      6059	  97.000000
      6060	  97.000000
      6061	  97.000000
      6062	  97.000000
      6063	  97.000000
      6064	  97.000000
      6065	 262.000000
      6066	  97.000000
      6067	  97.000000
      6068	  97.000000
      6069	  97.000000
      6070	  97.000000
      6071	  97.000000
      6072	  97.000000
      6073	 262.000000
      6074	  97.000000
      6075	  97.000000
      6076	  97.000000
      6077	  97.000000
      6078	  97.000000
      6079	  97.000000
      6080	  97.000000
      6081	 259.000000
      6082	  97.000000
      6083	  97.000000
      6084	  97.000000
      6085	  97.000000
      6086	  97.000000
      6087	  97.000000
      6088	  97.000000
      6089	 258.000000
      6090	  97.000000
      6091	  97.000000
      6092	  97.000000
      6093	  97.000000
      6094	  97.000000
      6095	  97.000000
      6096	  97.000000
      6097	 259.000000
      6098	  97.000000
      6099	  97.000000
      6100	  97.000000
      6101	  97.000000
      6102	  97.000000
      6103	  97.000000
      6104	  97.000000
      6105	 259.000000
      6106	  97.000000
      6107	  97.000000
      6108	  97.000000
      6109	  97.000000
      6110	  97.000000
      6111	  97.000000
      6112	  97.000000
      6113	 259.000000
      6114	  97.000000
      6115	  97.000000
      6116	  97.000000
      6117	  97.000000
      6118	  97.000000
      6119	  97.000000
      6120	  97.000000
      6121	 259.000000
      6122	  97.000000
      6123	  97.000000
      6124	  97.000000
      6125	  97.000000
      6126	  97.000000
      6127	  97.000000
      6128	  97.000000
      6129	 259.000000
      6130	  97.000000
      6131	  97.000000
      6132	  97.000000
      6133	  97.000000
      6134	  97.000000
      6135	  97.000000
      6136	  97.000000
      6137	 259.000000
      6138	  97.000000
      6139	  97.000000
      6140	  97.000000
      6141	  97.000000
      6142	  97.000000
      6143	  97.000000
      6144	  97.000000
      6145	 275.000000
      6146	  97.000000
      6147	  97.000000
      6148	  97.000000
      6149	  97.000000
      6150	  97.000000
      6151	  97.000000
      6152	  97.000000
      6153	 276.000000
      6154	  97.000000
      6155	  97.000000
      6156	  97.000000
      6157	  97.000000
      6158	  97.000000
      6159	  97.000000
      6160	  97.000000
      6161	 276.000000
      6162	  97.000000
      6163	  97.000000
      6164	  97.000000
      6165	  97.000000
      6166	  97.000000
      6167	  97.000000
      6168	  97.000000
      6169	 276.000000
      6170	  97.000000
      6171	  97.000000
      6172	  97.000000
      6173	  97.000000
      6174	  97.000000
      6175	  97.000000
      6176	  97.000000
      6177	 275.000000
      6178	  97.000000
      6179	  97.000000
      6180	  97.000000
      6181	  97.000000
      6182	  97.000000
      6183	  97.000000
      6184	  97.000000
      6185	 276.000000
      6186	  97.000000
      6187	  97.000000
      6188	  97.000000
      6189	  97.000000
      6190	  97.000000
      6191	  97.000000
      6192	  97.000000
      6193	 276.000000
      6194	  97.000000
      6195	  97.000000
      6196	  97.000000
      6197	  97.000000
      6198	  97.000000
      6199	  97.000000
      6200	  97.000000
      6201	 275.000000
      6202	  97.000000
      6203	  97.000000
      6204	  97.000000
      6205	  97.000000
      6206	  97.000000
      6207	  97.000000
      6208	  97.000000
      6209	 277.000000
      6210	  97.000000
      6211	  97.000000
      6212	  97.000000
      6213	  97.000000
      6214	  97.000000
      6215	  97.000000
      6216	  97.000000
      6217	 278.000000
      6218	  97.000000
      6219	  97.000000
      6220	  97.000000
      6221	  97.000000
      6222	  97.000000
      6223	  97.000000
      6224	  97.000000
      6225	 278.000000
      6226	  97.000000
      6227	  97.000000
      6228	  97.000000
      6229	  97.000000
      6230	  97.000000
      6231	  97.000000
      6232	  97.000000
      6233	 278.000000
      6234	  97.000000
      6235	  97.000000
      6236	  97.000000
      6237	  97.000000
      6238	  97.000000
      6239	  97.000000
      6240	  97.000000
      6241	 278.000000
      6242	  97.000000
      6243	  97.000000
      6244	  97.000000
      6245	  97.000000
      6246	  97.000000
      6247	  97.000000
      6248	  97.000000
      6249	 277.000000
      6250	  97.000000
      6251	  97.000000
      6252	  97.000000
      6253	  97.000000
      6254	  97.000000
      6255	  97.000000
      6256	  97.000000
      6257	 278.000000
      6258	  97.000000
      6259	  97.000000
      6260	  97.000000
      6261	  97.000000
      6262	  97.000000
      6263	  97.000000
      6264	  97.000000
      6265	 277.000000
      6266	  97.000000
      6267	  97.000000
      6268	  97.000000
      6269	  97.000000
      6270	  97.000000
      6271	  97.000000
      6272	  97.000000
      6273	 276.000000
      6274	  97.000000
      6275	  97.000000
      6276	  97.000000
      6277	  97.000000
      6278	  97.000000
      6279	  97.000000
      6280	  97.000000
      6281	 276.000000
      6282	  97.000000
      6283	  97.000000
      6284	  97.000000
      6285	  97.000000
      6286	  97.000000
      6287	  97.000000
      6288	  97.000000
      6289	 275.000000
      6290	  97.000000
      6291	  97.000000
      6292	  97.000000
      6293	  97.000000
      6294	  97.000000
      6295	  97.000000
      6296	  97.000000
      6297	 276.000000
      6298	  97.000000
      6299	  97.000000
      6300	  97.000000
      6301	  97.000000
      6302	  97.000000
      6303	  97.000000
      6304	  97.000000
      6305	 276.000000
      6306	  97.000000
      6307	  97.000000
      6308	  97.000000
      6309	  97.000000
      6310	  97.000000
      6311	  97.000000
      6312	  97.000000
      6313	 276.000000
      6314	  97.000000
      6315	  97.000000
      6316	  97.000000
      6317	  97.000000
      6318	  97.000000
      6319	  97.000000
      6320	  97.000000
      6321	 276.000000
      6322	  97.000000
      6323	  97.000000
      6324	  97.000000
      6325	  97.000000
      6326	  97.000000
      6327	  97.000000
      6328	  97.000000
      6329	 275.000000
      6330	  97.000000
      6331	  97.000000
      6332	  97.000000
      6333	  97.000000
      6334	  97.000000
      6335	  97.000000
      6336	  97.000000
      6337	 278.000000
      6338	  97.000000
      6339	  97.000000
      6340	  97.000000
      6341	  97.000000
      6342	  97.000000
      6343	  97.000000
      6344	  97.000000
      6345	 278.000000
      6346	  97.000000
      6347	  97.000000
      6348	  97.000000
      6349	  97.000000
      6350	  97.000000
      6351	  97.000000
      6352	  97.000000
      6353	 278.000000
      6354	  97.000000
      6355	  97.000000
      6356	  97.000000
      6357	  97.000000
      6358	  97.000000
      6359	  97.000000
      6360	  97.000000
      6361	 278.000000
      6362	  97.000000
      6363	  97.000000
      6364	  97.000000
      6365	  97.000000
      6366	  97.000000
      6367	  97.000000
      6368	  97.000000
      6369	 278.000000
      6370	  97.000000
      6371	  97.000000
      6372	  97.000000
      6373	  97.000000
      6374	  97.000000
      6375	  97.000000
      6376	  97.000000
      6377	 278.000000
      6378	  97.000000
      6379	  97.000000
      6380	  97.000000
      6381	  97.000000
      6382	  97.000000
      6383	  97.000000
      6384	  97.000000
      6385	 278.000000
      6386	  97.000000
      6387	  97.000000
      6388	  97.000000
      6389	  97.000000
      6390	  97.000000
      6391	  97.000000
      6392	  97.000000
      6393	 279.000000
      6394	  97.000000
      6395	  97.000000
      6396	  97.000000
      6397	  97.000000
      6398	  97.000000
      6399	  97.000000
      6400	  97.000000
      6401	 301.000000
      6402	  97.000000
      6403	  97.000000
      6404	  97.000000
      6405	  97.000000
      6406	  97.000000
      6407	  97.000000
      6408	  97.000000
      6409	 302.000000
      6410	  97.000000
      6411	  97.000000
      6412	  97.000000
      6413	  97.000000
      6414	  97.000000
      6415	  97.000000
      6416	  97.000000
      6417	 302.000000
      6418	  97.000000
      6419	  97.000000
      6420	  97.000000
      6421	  97.000000
      6422	  97.000000
      6423	  97.000000
      6424	  97.000000
      6425	 302.000000
      6426	  97.000000
      6427	  97.000000
      6428	  97.000000
      6429	  97.000000
      6430	  97.000000
      6431	  97.000000
      6432	  97.000000
      6433	 302.000000
      6434	  97.000000
      6435	  97.000000
      6436	  97.000000
      6437	  97.000000
      6438	  97.000000
      6439	  97.000000
      6440	  97.000000
      6441	 302.000000
      6442	  97.000000
      6443	  97.000000
      6444	  97.000000
      6445	  97.000000
      6446	  97.000000
      6447	  97.000000
      6448	  97.000000
      6449	 303.000000
      6450	  97.000000
      6451	  97.000000
      6452	  97.000000
      6453	  97.000000
      6454	  97.000000
      6455	  97.000000
      6456	  97.000000
      6457	 302.000000
      6458	  97.000000
      6459	  97.000000
      6460	  97.000000
      6461	  97.000000
      6462	  97.000000
      6463	  97.000000
      6464	  97.000000
      6465	 299.000000
      6466	  97.000000
      6467	  97.000000
      6468	  97.000000
      6469	  97.000000
      6470	  97.000000
      6471	  97.000000
      6472	  97.000000
      6473	 299.000000
      6474	  97.000000
      6475	  97.000000
      6476	  97.000000
      6477	  97.000000
      6478	  97.000000
      6479	  97.000000
      6480	  97.000000
      6481	 299.000000
      6482	  97.000000
      6483	  97.000000
      6484	  97.000000
      6485	  97.000000
      6486	  97.000000
      6487	  97.000000
      6488	  97.000000
      6489	 299.000000
      6490	  97.000000
      6491	  97.000000
      6492	  97.000000
      6493	  97.000000
      6494	  97.000000
      6495	  97.000000
      6496	  97.000000
      6497	 299.000000
      6498	  97.000000
      6499	  97.000000
      6500	  97.000000
      6501	  97.000000
      6502	  97.000000
      6503	  97.000000
      6504	  97.000000
      6505	 298.000000
      6506	  97.000000
      6507	  97.000000
      6508	  97.000000
      6509	  97.000000
      6510	  97.000000
      6511	  97.000000
      6512	  97.000000
      6513	 299.000000
      6514	  97.000000
      6515	  97.000000
      6516	  97.000000
      6517	  97.000000
      6518	  97.000000
      6519	  97.000000
      6520	  97.000000
      6521	 298.000000
      6522	  97.000000
      6523	  97.000000
      6524	  97.000000
      6525	  97.000000
      6526	  97.000000
      6527	  97.000000
      6528	  97.000000
      6529	 302.000000
      6530	  97.000000
      6531	  97.000000
      6532	  97.000000
      6533	  97.000000
      6534	  97.000000
      6535	  97.000000
      6536	  97.000000
      6537	 301.000000
      6538	  97.000000
      6539	  97.000000
      6540	  97.000000
      6541	  97.000000
      6542	  97.000000
      6543	  97.000000
      6544	  97.000000
      6545	 302.000000
      6546	  97.000000
      6547	  97.000000
      6548	  97.000000
      6549	  97.000000
      6550	  97.000000
      6551	  97.000000
      6552	  97.000000
      6553	 302.000000
      6554	  97.000000
      6555	  97.000000
      6556	  97.000000
      6557	  97.000000
      6558	  97.000000
      6559	  97.000000
      6560	  97.000000
      6561	 301.000000
      6562	  97.000000
      6563	  97.000000
      6564	  97.000000
      6565	  97.000000
      6566	  97.000000
      6567	  97.000000
      6568	  97.000000
      6569	 302.000000
      6570	  97.000000
      6571	  97.000000
      6572	  97.000000
      6573	  97.000000
      6574	  97.000000
      6575	  97.000000
      6576	  97.000000
      6577	 302.000000
      6578	  97.000000
      6579	  97.000000
      6580	  97.000000
      6581	  97.000000
      6582	  97.000000
      6583	  97.000000
      6584	  97.000000
      6585	 302.000000
      6586	  97.000000
      6587	  97.000000
      6588	  97.000000
      6589	  97.000000
      6590	  97.000000
      6591	  97.000000
      6592	  97.000000
      6593	 299.000000
      6594	  97.000000
      6595	  97.000000
      6596	  97.000000
      6597	  97.000000
      6598	  97.000000
      6599	  97.000000
      6600	  97.000000
      6601	 298.000000
      6602	  97.000000
      6603	  97.000000
      6604	  97.000000
      6605	  97.000000
      6606	  97.000000
      6607	  97.000000
      6608	  97.000000
      6609	 300.000000
      6610	  97.000000
      6611	  97.000000
      6612	  97.000000
      6613	  97.000000
      6614	  97.000000
      6615	  97.000000
      6616	  97.000000
      6617	 298.000000
      6618	  97.000000
      6619	  97.000000
      6620	  97.000000
      6621	  97.000000
      6622	  97.000000
      6623	  97.000000
      6624	  97.000000
      6625	 299.000000
      6626	  97.000000
      6627	  97.000000
      6628	  97.000000
      6629	  97.000000
      6630	  97.000000
      6631	  97.000000
      6632	  97.000000
      6633	 298.000000
      6634	  97.000000
      6635	  97.000000
      6636	  97.000000
      6637	  97.000000
      6638	  97.000000
      6639	  97.000000
      6640	  97.000000
      6641	 298.000000
      6642	  97.000000
      6643	  97.000000
      6644	  97.000000
      6645	  97.000000
      6646	  97.000000
      6647	  97.000000
      6648	  97.000000
      6649	 299.000000
      6650	  97.000000
      6651	  97.000000
      6652	  97.000000
      6653	  97.000000
      6654	  97.000000
      6655	  97.000000
      6656	  97.000000
      6657	 289.000000
      6658	  97.000000
      6659	  97.000000
      6660	  97.000000
      6661	  97.000000
      6662	  97.000000
      6663	  97.000000
      6664	  97.000000
      6665	 288.000000
      6666	  97.000000
      6667	  97.000000
      6668	  97.000000
      6669	  97.000000
      6670	  97.000000
      6671	  97.000000
      6672	  97.000000
      6673	 288.000000
      6674	  97.000000
      6675	  97.000000
      6676	  97.000000
      6677	  97.000000
      6678	  97.000000
      6679	  97.000000
      6680	  97.000000
      6681	 288.000000
      6682	  97.000000
      6683	  97.000000
      6684	  97.000000
      6685	  97.000000
      6686	  97.000000
      6687	  97.000000
      6688	  97.000000
      6689	 288.000000
      6690	  97.000000
      6691	  97.000000
      6692	  97.000000
      6693	  97.000000
      6694	  97.000000
      6695	  97.000000
      6696	  97.000000
      6697	 288.000000
      6698	  97.000000
      6699	  97.000000
      6700	  97.000000
      6701	  97.000000
      6702	  97.000000
      6703	  97.000000
      6704	  97.000000
      6705	 288.000000
      6706	  97.000000
      6707	  97.000000
      6708	  97.000000
      6709	  97.000000
      6710	  97.000000
      6711	  97.000000
      6712	  97.000000
      6713	 289.000000
      6714	  97.000000
      6715	  97.000000
      6716	  97.000000
      6717	  97.000000
      6718	  97.000000
      6719	  97.000000
      6720	  97.000000
      6721	 294.000000
      6722	  97.000000
      6723	  97.000000
      6724	  97.000000
      6725	  97.000000
      6726	  97.000000
      6727	  97.000000
      6728	  97.000000
      6729	 294.000000
      6730	  97.000000
      6731	  97.000000
      6732	  97.000000
      6733	  97.000000
      6734	  97.000000
      6735	  97.000000
      6736	  97.000000
      6737	 295.000000
      6738	  97.000000
      6739	  97.000000
      6740	  97.000000
      6741	  97.000000
      6742	  97.000000
      6743	  97.000000
      6744	  97.000000
      6745	 295.000000
      6746	  97.000000
      6747	  97.000000
      6748	  97.000000
      6749	  97.000000
      6750	  97.000000
      6751	  97.000000
      6752	  97.000000
      6753	 294.000000
      6754	  97.000000
      6755	  97.000000
      6756	  97.000000
      6757	  97.000000
      6758	  97.000000
      6759	  97.000000
      6760	  97.000000
      6761	 295.000000
      6762	  97.000000
      6763	  97.000000
      6764	  97.000000
      6765	  97.000000
      6766	  97.000000
      6767	  97.000000
      6768	  97.000000
      6769	 295.000000
      6770	  97.000000
      6771	  97.000000
      6772	  97.000000
      6773	  97.000000
      6774	  97.000000
      6775	  97.000000
      6776	  97.000000
      6777	 295.000000
      6778	  97.000000
      6779	  97.000000
      6780	  97.000000
      6781	  97.000000
      6782	  97.000000
      6783	  97.000000
      6784	  97.000000
      6785	 288.000000
      6786	  97.000000
      6787	  97.000000
      6788	  97.000000
      6789	  97.000000
      6790	  97.000000
      6791	  97.000000
      6792	  97.000000
      6793	 288.000000
      6794	  97.000000
      6795	  97.000000
      6796	  97.000000
      6797	  97.000000
      6798	  97.000000
      6799	  97.000000
      6800	  97.000000
      6801	 288.000000
      6802	  97.000000
      6803	  97.000000
      6804	  97.000000
      6805	  97.000000
      6806	  97.000000
      6807	  97.000000
      6808	  97.000000
      6809	 289.000000
      6810	  97.000000
      6811	  97.000000
      6812	  97.000000
      6813	  97.000000
      6814	  97.000000
      6815	  97.000000
      6816	  97.000000
      6817	 288.000000
      6818	  97.000000
      6819	  97.000000
      6820	  97.000000
      6821	  97.000000
      6822	  97.000000
      6823	  97.000000
      6824	  97.000000
      6825	 288.000000
      6826	  97.000000
      6827	  97.000000
      6828	  97.000000
      6829	  97.000000
      6830	  97.000000
      6831	  97.000000
      6832	  97.000000
      6833	 288.000000
      6834	  97.000000
      6835	  97.000000
      6836	  97.000000
      6837	  97.000000
      6838	  97.000000
      6839	  97.000000
      6840	  97.000000
      6841	 288.000000
      6842	  97.000000
      6843	  97.000000
      6844	  97.000000
      6845	  97.000000
      6846	  97.000000
      6847	  97.000000
      6848	  97.000000
      6849	 295.000000
      6850	  97.000000
      6851	  97.000000
      6852	  97.000000
      6853	  97.000000
      6854	  97.000000
      6855	  97.000000
      6856	  97.000000
      6857	 294.000000
      6858	  97.000000
      6859	  97.000000
      6860	  97.000000
      6861	  97.000000
      6862	  97.000000
      6863	  97.000000
      6864	  97.000000
      6865	 295.000000
      6866	  97.000000
      6867	  97.000000
      6868	  97.000000
      6869	  97.000000
      6870	  97.000000
      6871	  97.000000
      6872	  97.000000
      6873	 295.000000
      6874	  97.000000
      6875	  97.000000
      6876	  97.000000
      6877	  97.000000
      6878	  97.000000
      6879	  97.000000
      6880	  97.000000
      6881	 295.000000
      6882	  97.000000
      6883	  97.000000
      6884	  97.000000
      6885	  97.000000
      6886	  97.000000
      6887	  97.000000
      6888	  97.000000
      6889	 295.000000
      6890	  97.000000
      6891	  97.000000
      6892	  97.000000
      6893	  97.000000
      6894	  97.000000
      6895	  97.000000
      6896	  97.000000
      6897	 295.000000
      6898	  97.000000
      6899	  97.000000
      6900	  97.000000
      6901	  97.000000
      6902	  97.000000
      6903	  97.000000
      6904	  97.000000
      6905	 295.000000
      6906	  97.000000
      6907	  97.000000
      6908	  97.000000
      6909	  97.000000
      6910	  97.000000
      6911	  97.000000
      6912	  97.000000
      6913	 271.000000
      6914	  97.000000
      6915	  97.000000
      6916	  97.000000
      6917	  97.000000
      6918	  97.000000
      6919	  97.000000
      6920	  97.000000
      6921	 272.000000
      6922	  97.000000
      6923	  97.000000
      6924	  97.000000
      6925	  97.000000
      6926	  97.000000
      6927	  97.000000
      6928	  97.000000
      6929	 272.000000
      6930	  97.000000
      6931	  97.000000
      6932	  97.000000
      6933	  97.000000
      6934	  97.000000
      6935	  97.000000
      6936	  97.000000
      6937	 272.000000
      6938	  97.000000
      6939	  97.000000
      6940	  97.000000
      6941	  97.000000
      6942	  97.000000
      6943	  97.000000
      6944	  97.000000
      6945	 271.000000
      6946	  97.000000
      6947	  97.000000
      6948	  97.000000
      6949	  97.000000
      6950	  97.000000
      6951	  97.000000
      6952	  97.000000
      6953	 272.000000
      6954	  97.000000
      6955	  97.000000
      6956	  97.000000
      6957	  97.000000
      6958	  97.000000
      6959	  97.000000
      6960	  97.000000
      6961	 271.000000
      6962	  97.000000
      6963	  97.000000
      6964	  97.000000
      6965	  97.000000
      6966	  97.000000
      6967	  97.000000
      6968	  97.000000
      6969	 272.000000
      6970	  97.000000
      6971	  97.000000
      6972	  97.000000
      6973	  97.000000
      6974	  97.000000
      6975	  97.000000
      6976	  97.000000
      6977	 269.000000
      6978	  97.000000
      6979	  97.000000
      6980	  97.000000
      6981	  97.000000
      6982	  97.000000
      6983	  97.000000
      6984	  97.000000
      6985	 270.000000
      6986	  97.000000
      6987	  97.000000
      6988	  97.000000
      6989	  97.000000
      6990	  97.000000
      6991	  97.000000
      6992	  97.000000
      6993	 270.000000
      6994	  97.000000
      6995	  97.000000
      6996	  97.000000
      6997	  97.000000
      6998	  97.000000
      6999	  97.000000
      7000	  97.000000
      7001	 269.000000
      7002	  97.000000
      7003	  97.000000
      7004	  97.000000
      7005	  97.000000
      7006	  97.000000
      7007	  97.000000
      7008	  97.000000
      7009	 269.000000
      7010	  97.000000
      7011	  97.000000
      7012	  97.000000
      7013	  97.000000
      7014	  97.000000
      7015	  97.000000
      7016	  97.000000
      7017	 269.000000
      7018	  97.000000
      7019	  97.000000
      7020	  97.000000
      7021	  97.000000
      7022	  97.000000
      7023	  97.000000
      7024	  97.000000
      7025	 270.000000
      7026	  97.000000
      7027	  97.000000
      7028	  97.000000
      7029	  97.000000
      7030	  97.000000
      7031	  97.000000
      7032	  97.000000
      7033	 269.000000
      7034	  97.000000
      7035	  97.000000
      7036	  97.000000
      7037	  97.000000
      7038	  97.000000
      7039	  97.000000
      7040	  97.000000
      7041	 272.000000
      7042	  97.000000
      7043	  97.000000
      7044	  97.000000
      7045	  97.000000
      7046	  97.000000
      7047	  97.000000
      7048	  97.000000
      7049	 271.000000
      7050	  97.000000
      7051	  97.000000
      7052	  97.000000
      7053	  97.000000
      7054	  97.000000
      7055	  97.000000
      7056	  97.000000
      7057	 272.000000
      7058	  97.000000
      7059	  97.000000
      7060	  97.000000
      7061	  97.000000
      7062	  97.000000
      7063	  97.000000
      7064	  97.000000
      7065	 272.000000
      7066	  97.000000
      7067	  97.000000
      7068	  97.000000
      7069	  97.000000
      7070	  97.000000
      7071	  97.000000
      7072	  97.000000
      7073	 272.000000
      7074	  97.000000
      7075	  97.000000
      7076	  97.000000
      7077	  97.000000
      7078	  97.000000
      7079	  97.000000
      7080	  97.000000
      7081	 271.000000
      7082	  97.000000
      7083	  97.000000
      7084	  97.000000
      7085	  97.000000
      7086	  97.000000
      7087	  97.000000
      7088	  97.000000
      7089	 272.000000
      7090	  97.000000
      7091	  97.000000
      7092	  97.000000
      7093	  97.000000
      7094	  97.000000
      7095	  97.000000
      7096	  97.000000
      7097	 271.000000
      7098	  97.000000
      7099	  97.000000
      7100	  97.000000
      7101	  97.000000
      7102	  97.000000
      7103	  97.000000
      7104	  97.000000
      7105	 269.000000
      7106	  97.000000
      7107	  97.000000
      7108	  97.000000
      7109	  97.000000
      7110	  97.000000
      7111	  97.000000
      7112	  97.000000
      7113	 269.000000
      7114	  97.000000
      7115	  97.000000
      7116	  97.000000
      7117	  97.000000
      7118	  97.000000
      7119	  97.000000
      7120	  97.000000
      7121	 270.000000
      7122	  97.000000
      7123	  97.000000
      7124	  97.000000
      7125	  97.000000
      7126	  97.000000
      7127	  97.000000
      7128	  97.000000
      7129	 270.000000
      7130	  97.000000
      7131	  97.000000
      7132	  97.000000
      7133	  97.000000
      7134	  97.000000
      7135	  97.000000
      7136	  97.000000
      7137	 270.000000
      7138	  97.000000
      7139	  97.000000
      7140	  97.000000
      7141	  97.000000
      7142	  97.000000
      7143	  97.000000
      7144	  97.000000
      7145	 269.000000
      7146	  97.000000
      7147	  97.000000
      7148	  97.000000
      7149	  97.000000
      7150	  97.000000
      7151	  97.000000
      7152	  97.000000
      7153	 269.000000
      7154	  97.000000
      7155	  97.000000
      7156	  97.000000
      7157	  97.000000
      7158	  97.000000
      7159	  97.000000
      7160	  97.000000
      7161	 269.000000
      7162	  97.000000
      7163	  97.000000
      7164	  97.000000
      7165	  97.000000
      7166	  97.000000
      7167	  97.000000
      7168	  97.000000
      7169	 280.000000
      7170	  97.000000
      7171	  97.000000
      7172	  97.000000
      7173	  97.000000
      7174	  97.000000
      7175	  97.000000
      7176	  97.000000
      7177	 279.000000
      7178	  97.000000
      7179	  97.000000
      7180	  97.000000
      7181	  97.000000
      7182	  97.000000
      7183	  97.000000
      7184	  97.000000
      7185	 280.000000
      7186	  97.000000
      7187	  97.000000
      7188	  97.000000
      7189	  97.000000
      7190	  97.000000
      7191	  97.000000
      7192	  97.000000
      7193	 280.000000
      7194	  97.000000
      7195	  97.000000
      7196	  97.000000
      7197	  97.000000
      7198	  97.000000
      7199	  97.000000
      7200	  97.000000
      7201	 279.000000
      7202	  97.000000
      7203	  97.000000
      7204	  97.000000
      7205	  97.000000
      7206	  97.000000
      7207	  97.000000
      7208	  97.000000
      7209	 280.000000
      7210	  97.000000
      7211	  97.000000
      7212	  97.000000
      7213	  97.000000
      7214	  97.000000
      7215	  97.000000
      7216	  97.000000
      7217	 280.000000
      7218	  97.000000
      7219	  97.000000
      7220	  97.000000
      7221	  97.000000
      7222	  97.000000
      7223	  97.000000
      7224	  97.000000
      7225	 280.000000
      7226	  97.000000
      7227	  97.000000
      7228	  97.000000
      7229	  97.000000
      7230	  97.000000
      7231	  97.000000
      7232	  97.000000
      7233	 276.000000
      7234	  97.000000
      7235	  97.000000
      7236	  97.000000
      7237	  97.000000
      7238	  97.000000
      7239	  97.000000
      7240	  97.000000
      7241	 277.000000
      7242	  97.000000
      7243	  97.000000
      7244	  97.000000
      7245	  97.000000
      7246	  97.000000
      7247	  97.000000
      7248	  97.000000
      7249	 277.000000
      7250	  97.000000
      7251	  97.000000
      7252	  97.000000
      7253	  97.000000
      7254	  97.000000
      7255	  97.000000
      7256	  97.000000
      7257	 277.000000
      7258	  97.000000
      7259	  97.000000
      7260	  97.000000
      7261	  97.000000
      7262	  97.000000
      7263	  97.000000
      7264	  97.000000
      7265	 277.000000
      7266	  97.000000
      7267	  97.000000
      7268	  97.000000
      7269	  97.000000
      7270	  97.000000
      7271	  97.000000
      7272	  97.000000
      7273	 277.000000
      7274	  97.000000
      7275	  97.000000
      7276	  97.000000
      7277	  97.000000
      7278	  97.000000
      7279	  97.000000
      7280	  97.000000
      7281	 277.000000
      7282	  97.000000
      7283	  97.000000
      7284	  97.000000
      7285	  97.000000
      7286	  97.000000
      7287	  97.000000
      7288	  97.000000
      7289	 277.000000
      7290	  97.000000
      7291	  97.000000
      7292	  97.000000
      7293	  97.000000
      7294	  97.000000
      7295	  97.000000
      7296	  97.000000
      7297	 280.000000
      7298	  97.000000
      7299	  97.000000
      7300	  97.000000
      7301	  97.000000
      7302	  97.000000
      7303	  97.000000
      7304	  97.000000
      7305	 280.000000
      7306	  97.000000
      7307	  97.000000
      7308	  97.000000
      7309	  97.000000
      7310	  97.000000
      7311	  97.000000
      7312	  97.000000
      7313	 280.000000
      7314	  97.000000
      7315	  97.000000
      7316	  97.000000
      7317	  97.000000
      7318	  97.000000
      7319	  97.000000
      7320	  97.000000
      7321	 280.000000
      7322	  97.000000
      7323	  97.000000
      7324	  97.000000
      7325	  97.000000
      7326	  97.000000
      7327	  97.000000
      7328	  97.000000
      7329	 280.000000
      7330	  97.000000
      7331	  97.000000
      7332	  97.000000
      7333	  97.000000
      7334	  97.000000
      7335	  97.000000
      7336	  97.000000
      7337	 279.000000
      7338	  97.000000
      7339	  97.000000
      7340	  97.000000
      7341	  97.000000
      7342	  97.000000
      7343	  97.000000
      7344	  97.000000
      7345	 280.000000
      7346	  97.000000
      7347	  97.000000
      7348	  97.000000
      7349	  97.000000
      7350	  97.000000
      7351	  97.000000
      7352	  97.000000
      7353	 280.000000
      7354	  97.000000
      7355	  97.000000
      7356	  97.000000
      7357	  97.000000
      7358	  97.000000
      7359	  97.000000
      7360	  97.000000
      7361	 277.000000
      7362	  97.000000
      7363	  97.000000
      7364	  97.000000
      7365	  97.000000
      7366	  97.000000
      7367	  97.000000
      7368	  97.000000
      7369	 276.000000
      7370	  97.000000
      7371	  97.000000
      7372	  97.000000
      7373	  97.000000
      7374	  97.000000
      7375	  97.000000
      7376	  97.000000
      7377	 278.000000
      7378	  97.000000
      7379	  97.000000
      7380	  97.000000
      7381	  97.000000
      7382	  97.000000
      7383	  97.000000
      7384	  97.000000
      7385	 277.000000
      7386	  97.000000
      7387	  97.000000
      7388	  97.000000
      7389	  97.000000
      7390	  97.000000
      7391	  97.000000
      7392	  97.000000
      7393	 277.000000
      7394	  97.000000
      7395	  97.000000
      7396	  97.000000
      7397	  97.000000
      7398	  97.000000
      7399	  97.000000
      7400	  97.000000
      7401	 277.000000
      7402	  97.000000
      7403	  97.000000
      7404	  97.000000
      7405	  97.000000
      7406	  97.000000
      7407	  97.000000
      7408	  97.000000
      7409	 277.000000
      7410	  97.000000
      7411	  97.000000
      7412	  97.000000
      7413	  97.000000
      7414	  97.000000
      7415	  97.000000
      7416	  97.000000
      7417	 276.000000
      7418	  97.000000
      7419	  97.000000
      7420	  97.000000
      7421	  97.000000
      7422	  97.000000
      7423	  97.000000
      7424	  97.000000
      7425	 297.000000
      7426	  97.000000
      7427	  97.000000
      7428	  97.000000
      7429	  97.000000
      7430	  97.000000
      7431	  97.000000
      7432	  97.000000
      7433	 298.000000
      7434	  97.000000
      7435	  97.000000
      7436	  97.000000
      7437	  97.000000
      7438	  97.000000
      7439	  97.000000
      7440	  97.000000
      7441	 298.000000
      7442	  97.000000
      7443	  97.000000
      7444	  97.000000
      7445	  97.000000
      7446	  97.000000
      7447	  97.000000
      7448	  97.000000
      7449	 298.000000
      7450	  97.000000
      7451	  97.000000
      7452	  97.000000
      7453	  97.000000
      7454	  97.000000
      7455	  97.000000
      7456	  97.000000
      7457	 298.000000
      7458	  97.000000
      7459	  97.000000
      7460	  97.000000
      7461	  97.000000
      7462	  97.000000
      7463	  97.000000
      7464	  97.000000
      7465	 298.000000
      7466	  97.000000
      7467	  97.000000
      7468	  97.000000
      7469	  97.000000
      7470	  97.000000
      7471	  97.000000
      7472	  97.000000
      7473	 297.000000
      7474	  97.000000
      7475	  97.000000
      7476	  97.000000
      7477	  97.000000
      7478	  97.000000
      7479	  97.000000
      7480	  97.000000
      7481	 299.000000
      7482	  97.000000
      7483	  97.000000
      7484	  97.000000
      7485	  97.000000
      7486	  97.000000
      7487	  97.000000
      7488	  97.000000
      7489	 301.000000
      7490	  97.000000
      7491	  97.000000
      7492	  97.000000
      7493	  97.000000
      7494	  97.000000
      7495	  97.000000
      7496	  97.000000
      7497	 300.000000
      7498	  97.000000
      7499	  97.000000
      7500	  97.000000
      7501	  97.000000
      7502	  97.000000
      7503	  97.000000
      7504	  97.000000
      7505	 301.000000
      7506	  97.000000
      7507	  97.000000
      7508	  97.000000
      7509	  97.000000
      7510	  97.000000
      7511	  97.000000
      7512	  97.000000
      7513	 300.000000
      7514	  97.000000
      7515	  97.000000
      7516	  97.000000
      7517	  97.000000
      7518	  97.000000
      7519	  97.000000
      7520	  97.000000
      7521	 301.000000
      7522	  97.000000
      7523	  97.000000
      7524	  97.000000
      7525	  97.000000
      7526	  97.000000
      7527	  97.000000
      7528	  97.000000
      7529	 301.000000
      7530	  97.000000
      7531	  97.000000
      7532	  97.000000
      7533	  97.000000
      7534	  97.000000
      7535	  97.000000
      7536	  97.000000
      7537	 301.000000
      7538	  97.000000
      7539	  97.000000
      7540	  97.000000
      7541	  97.000000
      7542	  97.000000
      7543	  97.000000
      7544	  97.000000
      7545	 301.000000
      7546	  97.000000
      7547	  97.000000
      7548	  97.000000
      7549	  97.000000
      7550	  97.000000
      7551	  97.000000
      7552	  97.000000
      7553	 298.000000
      7554	  97.000000
      7555	  97.000000
      7556	  97.000000
      7557	  97.000000
      7558	  97.000000
      7559	  97.000000
      7560	  97.000000
      7561	 298.000000
      7562	  97.000000
      7563	  97.000000
      7564	  97.000000
      7565	  97.000000
      7566	  97.000000
      7567	  97.000000
      7568	  97.000000
      7569	 297.000000
      7570	  97.000000
      7571	  97.000000
      7572	  97.000000
      7573	  97.000000
      7574	  97.000000
      7575	  97.000000
      7576	  97.000000
      7577	 298.000000
      7578	  97.000000
      7579	  97.000000
      7580	  97.000000
      7581	  97.000000
      7582	  97.000000
      7583	  97.000000
      7584	  97.000000
      7585	 297.000000
      7586	  97.000000
      7587	  97.000000
      7588	  97.000000
      7589	  97.000000
      7590	  97.000000
      7591	  97.000000
      7592	  97.000000
      7593	 298.000000
      7594	  97.000000
      7595	  97.000000
      7596	  97.000000
      7597	  97.000000
      7598	  97.000000
      7599	  97.000000
      7600	  97.000000
      7601	 298.000000
      7602	  97.000000
      7603	  97.000000
      7604	  97.000000
      7605	  97.000000
      7606	  97.000000
      7607	  97.000000
      7608	  97.000000
      7609	 299.000000
      7610	  97.000000
      7611	  97.000000
      7612	  97.000000
      7613	  97.000000
      7614	  97.000000
      7615	  97.000000
      7616	  97.000000
      7617	 302.000000
      7618	  97.000000
      7619	  97.000000
      7620	  97.000000
      7621	  97.000000
      7622	  97.000000
      7623	  97.000000
      7624	  97.000000
      7625	 301.000000
      7626	  97.000000
      7627	  97.000000
      7628	  97.000000
      7629	  97.000000
      7630	  97.000000
      7631	  97.000000
      7632	  97.000000
      7633	 301.000000
      7634	  97.000000
      7635	  97.000000
      7636	  97.000000
      7637	  97.000000
      7638	  97.000000
      7639	  97.000000
      7640	  97.000000
      7641	 301.000000
      7642	  97.000000
      7643	  97.000000
      7644	  97.000000
      7645	  97.000000
      7646	  97.000000
      7647	  97.000000
      7648	  97.000000
      7649	 300.000000
      7650	  97.000000
      7651	  97.000000
      7652	  97.000000
      7653	  97.000000
      7654	  97.000000
      7655	  97.000000
      7656	  97.000000
      7657	 301.000000
      7658	  97.000000
      7659	  97.000000
      7660	  97.000000
      7661	  97.000000
      7662	  97.000000
      7663	  97.000000
      7664	  97.000000
      7665	 301.000000
      7666	  97.000000
      7667	  97.000000
      7668	  97.000000
      7669	  97.000000
      7670	  97.000000
      7671	  97.000000
      7672	  97.000000
      7673	 301.000000
      7674	  97.000000
      7675	  97.000000
      7676	  97.000000
      7677	  97.000000
      7678	  97.000000
      7679	  97.000000
      7680	  97.000000
      7681	 292.000000
      7682	  97.000000
      7683	  97.000000
      7684	  97.000000
      7685	  97.000000
      7686	  97.000000
      7687	  97.000000
      7688	  97.000000
      7689	 291.000000
      7690	  97.000000
      7691	  97.000000
      7692	  97.000000
      7693	  97.000000
      7694	  97.000000
      7695	  97.000000
      7696	  97.000000
      7697	 292.000000
      7698	  97.000000
      7699	  97.000000
      7700	  97.000000
      7701	  97.000000
      7702	  97.000000
      7703	  97.000000
      7704	  97.000000
      7705	 292.000000
      7706	  97.000000
      7707	  97.000000
      7708	  97.000000
      7709	  97.000000
      7710	  97.000000
      7711	  97.000000
      7712	  97.000000
      7713	 291.000000
      7714	  97.000000
      7715	  97.000000
      7716	  97.000000
      7717	  97.000000
      7718	  97.000000
      7719	  97.000000
      7720	  97.000000
      7721	 291.000000
      7722	  97.000000
      7723	  97.000000
      7724	  97.000000
      7725	  97.000000
      7726	  97.000000
      7727	  97.000000
      7728	  97.000000
      7729	 291.000000
      7730	  97.000000
      7731	  97.000000
      7732	  97.000000
      7733	  97.000000
      7734	  97.000000
      7735	  97.000000
      7736	  97.000000
      7737	 292.000000
      7738	  97.000000
      7739	  97.000000
      7740	  97.000000
      7741	  97.000000
      7742	  97.000000
      7743	  97.000000
      7744	  97.000000
      7745	 296.000000
      7746	  97.000000
      7747	  97.000000
      7748	  97.000000
      7749	  97.000000
      7750	  97.000000
      7751	  97.000000
      7752	  97.000000
      7753	 296.000000
      7754	  97.000000
      7755	  97.000000
      7756	  97.000000
      7757	  97.000000
      7758	  97.000000
      7759	  97.000000
      7760	  97.000000
      7761	 296.000000
      7762	  97.000000
      7763	  97.000000
      7764	  97.000000
      7765	  97.000000
      7766	  97.000000
      7767	  97.000000
      7768	  97.000000
      7769	 296.000000
      7770	  97.000000
      7771	  97.000000
      7772	  97.000000
      7773	  97.000000
      7774	  97.000000
      7775	  97.000000
      7776	  97.000000
      7777	 297.000000
      7778	  97.000000
      7779	  97.000000
      7780	  97.000000
      7781	  97.000000
      7782	  97.000000
      7783	  97.000000
      7784	  97.000000
      7785	 296.000000
      7786	  97.000000
      7787	  97.000000
      7788	  97.000000
      7789	  97.000000
      7790	  97.000000
      7791	  97.000000
      7792	  97.000000
      7793	 296.000000
      7794	  97.000000
      7795	  97.000000
      7796	  97.000000
      7797	  97.000000
      7798	  97.000000
      7799	  97.000000
      7800	  97.000000
      7801	 295.000000
      7802	  97.000000
      7803	  97.000000
      7804	  97.000000
      7805	  97.000000
      7806	  97.000000
      7807	  97.000000
      7808	  97.000000
      7809	 291.000000
      7810	  97.000000
      7811	  97.000000
      7812	  97.000000
      7813	  97.000000
      7814	  97.000000
      7815	  97.000000
      7816	  97.000000
      7817	 291.000000
      7818	  97.000000
      7819	  97.000000
      7820	  97.000000
      7821	  97.000000
      7822	  97.000000
      7823	  97.000000
      7824	  97.000000
      7825	 292.000000
      7826	  97.000000
      7827	  97.000000
      7828	  97.000000
      7829	  97.000000
      7830	  97.000000
      7831	  97.000000
      7832	  97.000000
      7833	 291.000000
      7834	  97.000000
      7835	  97.000000
      7836	  97.000000
      7837	  97.000000
      7838	  97.000000
      7839	  97.000000
      7840	  97.000000
      7841	 292.000000
      7842	  97.000000
      7843	  97.000000
      7844	  97.000000
      7845	  97.000000
      7846	  97.000000
      7847	  97.000000
      7848	  97.000000
      7849	 291.000000
      7850	  97.000000
      7851	  97.000000
      7852	  97.000000
      7853	  97.000000
      7854	  97.000000
      7855	  97.000000
      7856	  97.000000
      7857	 292.000000
      7858	  97.000000
      7859	  97.000000
      7860	  97.000000
      7861	  97.000000
      7862	  97.000000
      7863	  97.000000
      7864	  97.000000
      7865	 292.000000
      7866	  97.000000
      7867	  97.000000
      7868	  97.000000
      7869	  97.000000
      7870	  97.000000
      7871	  97.000000
      7872	  97.000000
      7873	 295.000000
      7874	  97.000000
      7875	  97.000000
      7876	  97.000000
      7877	  97.000000
      7878	  97.000000
      7879	  97.000000
      7880	  97.000000
      7881	 296.000000
      7882	  97.000000
      7883	  97.000000
      7884	  97.000000
      7885	  97.000000
      7886	  97.000000
      7887	  97.000000
      7888	  97.000000
      7889	 296.000000
      7890	  97.000000
      7891	  97.000000
      7892	  97.000000
      7893	  97.000000
      7894	  97.000000
      7895	  97.000000
      7896	  97.000000
      7897	 296.000000
      7898	  97.000000
      7899	  97.000000
      7900	  97.000000
      7901	  97.000000
      7902	  97.000000
      7903	  97.000000
      7904	  97.000000
      7905	 295.000000
      7906	  97.000000
      7907	  97.000000
      7908	  97.000000
      7909	  97.000000
      7910	  97.000000
      7911	  97.000000
      7912	  97.000000
      7913	 295.000000
      7914	  97.000000
      7915	  97.000000
      7916	  97.000000
      7917	  97.000000
      7918	  97.000000
      7919	  97.000000
      7920	  97.000000
      7921	 295.000000
      7922	  97.000000
      7923	  97.000000
      7924	  97.000000
      7925	  97.000000
      7926	  97.000000
      7927	  97.000000
      7928	  97.000000
      7929	 296.000000
      7930	  97.000000
      7931	  97.000000
      7932	  97.000000
      7933	  97.000000
      7934	  97.000000
      7935	  97.000000
      7936	  97.000000
      7937	 268.000000
      7938	  97.000000
      7939	  97.000000
      7940	  97.000000
      7941	  97.000000
      7942	  97.000000
      7943	  97.000000
      7944	  97.000000
      7945	 267.000000
      7946	  97.000000
      7947	  97.000000
      7948	  97.000000
      7949	  97.000000
      7950	  97.000000
      7951	  97.000000
      7952	  97.000000
      7953	 268.000000
      7954	  97.000000
      7955	  97.000000
      7956	  97.000000
      7957	  97.000000
      7958	  97.000000
      7959	  97.000000
      7960	  97.000000
      7961	 267.000000
      7962	  97.000000
      7963	  97.000000
      7964	  97.000000
      7965	  97.000000
      7966	  97.000000
      7967	  97.000000
      7968	  97.000000
      7969	 268.000000
      7970	  97.000000
      7971	  97.000000
      7972	  97.000000
      7973	  97.000000
      7974	  97.000000
      7975	  97.000000
      7976	  97.000000
      7977	 267.000000
      7978	  97.000000
      7979	  97.000000
      7980	  97.000000
      7981	  97.000000
      7982	  97.000000
      7983	  97.000000
      7984	  97.000000
      7985	 268.000000
      7986	  97.000000
      7987	  97.000000
      7988	  97.000000
      7989	  97.000000
      7990	  97.000000
      7991	  97.000000
      7992	  97.000000
      7993	 268.000000
      7994	  97.000000
      7995	  97.000000
      7996	  97.000000
      7997	  97.000000
      7998	  97.000000
      7999	  97.000000
      8000	  97.000000
      8001	 268.000000
      8002	  97.000000
      8003	  97.000000
      8004	  97.000000
      8005	  97.000000
      8006	  97.000000
      8007	  97.000000
      8008	  97.000000
      8009	 268.000000
      8010	  97.000000
      8011	  97.000000
      8012	  97.000000
      8013	  97.000000
      8014	  97.000000
      8015	  97.000000
      8016	  97.000000
      8017	 268.000000
      8018	  97.000000
      8019	  97.000000
      8020	  97.000000
      8021	  97.000000
      8022	  97.000000
      8023	  97.000000
      8024	  97.000000
      8025	 269.000000
      8026	  97.000000
      8027	  97.000000
      8028	  97.000000
      8029	  97.000000
      8030	  97.000000
      8031	  97.000000
      8032	  97.000000
      8033	 268.000000
      8034	  97.000000
      8035	  97.000000
      8036	  97.000000
      8037	  97.000000
      8038	  97.000000
      8039	  97.000000
      8040	  97.000000
      8041	 269.000000
      8042	  97.000000
      8043	  97.000000
      8044	  97.000000
      8045	  97.000000
      8046	  97.000000
      8047	  97.000000
      8048	  97.000000
      8049	 268.000000
      8050	  97.000000
      8051	  97.000000
      8052	  97.000000
      8053	  97.000000
      8054	  97.000000
      8055	  97.000000
      8056	  97.000000
      8057	 268.000000
      8058	  97.000000
      8059	  97.000000
      8060	  97.000000
      8061	  97.000000
      8062	  97.000000
      8063	  97.000000
      8064	  97.000000
      8065	 268.000000
      8066	  97.000000
      8067	  97.000000
      8068	  97.000000
      8069	  97.000000
      8070	  97.000000
      8071	  97.000000
      8072	  97.000000
      8073	 268.000000
      8074	  97.000000
      8075	  97.000000
      8076	  97.000000
      8077	  97.000000
      8078	  97.000000
      8079	  97.000000
      8080	  97.000000
      8081	 268.000000
      8082	  97.000000
      8083	  97.000000
      8084	  97.000000
      8085	  97.000000
      8086	  97.000000
      8087	  97.000000
      8088	  97.000000
      8089	 268.000000
      8090	  97.000000
      8091	  97.000000
      8092	  97.000000
      8093	  97.000000
      8094	  97.000000
      8095	  97.000000
      8096	  97.000000
      8097	 267.000000
      8098	  97.000000
      8099	  97.000000
      8100	  97.000000
      8101	  97.000000
      8102	  97.000000
      8103	  97.000000
      8104	  97.000000
      8105	 267.000000
      8106	  97.000000
      8107	  97.000000
      8108	  97.000000
      8109	  97.000000
      8110	  97.000000
      8111	  97.000000
      8112	  97.000000
      8113	 267.000000
      8114	  97.000000
      8115	  97.000000
      8116	  97.000000
      8117	  97.000000
      8118	  97.000000
      8119	  97.000000
      8120	  97.000000
      8121	 268.000000
      8122	  97.000000
      8123	  97.000000
      8124	  97.000000
      8125	  97.000000
      8126	  97.000000
      8127	  97.000000
      8128	  97.000000
      8129	 268.000000
      8130	  97.000000
      8131	  97.000000
      8132	  97.000000
      8133	  97.000000
      8134	  97.000000
      8135	  97.000000
      8136	  97.000000
      8137	 268.000000
      8138	  97.000000
      8139	  97.000000
      8140	  97.000000
      8141	  97.000000
      8142	  97.000000
      8143	  97.000000
      8144	  97.000000
      8145	 268.000000
      8146	  97.000000
      8147	  97.000000
      8148	  97.000000
      8149	  97.000000
      8150	  97.000000
      8151	  97.000000
      8152	  97.000000
      8153	 268.000000
      8154	  97.000000
      8155	  97.000000
      8156	  97.000000
      8157	  97.000000
      8158	  97.000000
      8159	  97.000000
      8160	  97.000000
      8161	 268.000000
      8162	  97.000000
      8163	  97.000000
      8164	  97.000000
      8165	  97.000000
      8166	  97.000000
      8167	  97.000000
      8168	  97.000000
      8169	 268.000000
      8170	  97.000000
      8171	  97.000000
      8172	  97.000000
      8173	  97.000000
      8174	  97.000000
      8175	  97.000000
      8176	  97.000000
      8177	 268.000000
      8178	  97.000000
      8179	  97.000000
      8180	  97.000000
      8181	  97.000000
      8182	  97.000000
      8183	  97.000000
      8184	  97.000000
      8185	 269.000000
      8186	  97.000000
      8187	  97.000000
      8188	  97.000000
      8189	  97.000000
      8190	  97.000000
      8191	  97.000000
      8192	  97.000000
